1 0.0859375 0.334375 0.009375 0.03203125
1 0.11328125 0.36171875 0.00859375 0.03359375
1 0.121875 0.353125 0.00859375 0.03046875
1 0.13125 0.359375 0.00625 0.0328125
1 0.13984375 0.36171875 0.00703125 0.028125
1 0.14765625 0.3609375 0.00625 0.02890625
1 0.171875 0.35859375 0.0078125 0.03125
1 0.18125 0.3625 0.0078125 0.02578125
1 0.20390625 0.36953125 0.00625 0.03046875
1 0.21171875 0.37421875 0.00625 0.02890625
1 0.21796875 0.37265625 0.00625 0.0296875
1 0.23046875 0.371875 0.00703125 0.02734375
1 0.2375 0.36953125 0.00703125 0.02890625
1 0.2546875 0.36640625 0.0078125 0.03125
1 0.28046875 0.3640625 0.00703125 0.0265625
0 0.35703125 0.39296875 0.05234375 0.034375
0 0.6234375 0.4921875 0.05078125 0.0375
0 0.709375 0.45625 0.05078125 0.034375
1 0.759375 0.44921875 0.02109375 0.009375
1 0.86796875 0.42421875 0.02109375 0.021875
1 0.80625 0.36796875 0.00703125 0.03046875
1 0.79921875 0.37109375 0.00703125 0.03515625
1 0.78984375 0.37109375 0.00546875 0.03046875
1 0.78125 0.38828125 0.00859375 0.03203125
1 0.771875 0.38984375 0.0078125 0.03046875
1 0.7609375 0.38984375 0.0078125 0.03046875
1 0.75 0.3890625 0.009375 0.034375
1 0.74140625 0.3890625 0.00703125 0.028125
1 0.7328125 0.37734375 0.00625 0.03046875
1 0.7265625 0.38203125 0.00546875 0.03125
1 0.7109375 0.38125 0.00703125 0.0265625
1 0.703125 0.37890625 0.009375 0.028125
1 0.6875 0.384375 0.00625 0.0171875
1 0.6796875 0.38203125 0.0046875 0.01328125
1 0.6734375 0.3859375 0.0046875 0.01796875
1 0.6296875 0.3765625 0.00703125 0.01875
1 0.6203125 0.375 0.00625 0.015625
1 0.61171875 0.3765625 0.00546875 0.01640625
1 0.65390625 0.390625 0.0046875 0.01875
1 0.534375 0.38515625 0.0046875 0.034375
1 0.53984375 0.38359375 0.00546875 0.03203125
1 0.546875 0.384375 0.00546875 0.0359375
1 0.5109375 0.3859375 0.00546875 0.03046875
1 0.5015625 0.38828125 0.00703125 0.0296875
1 0.4546875 0.37109375 0.00546875 0.02421875
1 0.44765625 0.37109375 0.00546875 0.025
1 0.43984375 0.36796875 0.00546875 0.02578125
1 0.5015625 0.35546875 0.01875 0.009375
1 0.29296875 0.221875 0.00859375 0.03203125
1 0.30078125 0.49140625 0.01953125 0.01171875
1 0.31328125 0.521875 0.01796875 0.009375
1 0.48046875 0.49453125 0.0171875 0.015625
1 0.509375 0.45390625 0.01796875 0.0078125
1 0.5203125 0.503125 0.0171875 0.01171875
1 0.5578125 0.47890625 0.01875 0.00859375
1 0.6140625 0.5640625 0.00546875 0.03359375
1 0.60625 0.56015625 0.00703125 0.0328125
1 0.59609375 0.5625 0.0078125 0.03046875
1 0.58671875 0.5609375 0.00703125 0.03515625
1 0.55625 0.5609375 0.00625 0.03203125
1 0.55 0.565625 0.00546875 0.03125
1 0.54375 0.5640625 0.0046875 0.02734375
1 0.53671875 0.5625 0.00546875 0.0296875
1 0.53046875 0.56328125 0.0046875 0.02890625
1 0.52265625 0.56015625 0.00546875 0.02734375
1 0.51015625 0.56640625 0.00625 0.03125
1 0.50390625 0.5640625 0.00546875 0.03046875
1 0.49765625 0.56484375 0.00546875 0.03046875
1 0.4875 0.55859375 0.00625 0.03046875
1 0.46328125 0.5609375 0.00546875 0.02890625
1 0.45390625 0.5609375 0.00703125 0.028125
1 0.4453125 0.5578125 0.00625 0.028125
1 0.41484375 0.56015625 0.00625 0.028125
1 0.39375 0.559375 0.00546875 0.03515625
1 0.38125 0.55625 0.00625 0.03046875
1 0.35625 0.55625 0.00625 0.0296875
1 0.34453125 0.55 0.00703125 0.02421875
1 0.33671875 0.55234375 0.00546875 0.02109375
1 0.31796875 0.54921875 0.00625 0.0234375
1 0.31015625 0.55078125 0.00546875 0.021875
1 0.29453125 0.56171875 0.00625 0.03125
1 0.28828125 0.55 0.00625 0.03125
1 0.28125 0.56171875 0.00703125 0.03125
1 0.275 0.5546875 0.00625 0.0296875
1 0.23046875 0.55625 0.015625 0.02890625
1 0.2171875 0.60625 0.0125 0.028125
1 0.090625 0.66015625 0.0234375 0.02265625
2 0.04140625 0.378125 0.0140625 0.01328125
2 0.01953125 0.41953125 0.01484375 0.0140625
2 0.1015625 0.38984375 0.0140625 0.015625
2 0.10078125 0.40703125 0.015625 0.01171875
2 0.13671875 0.3984375 0.015625 0.01171875
2 0.1765625 0.415625 0.01171875 0.0125
2 0.15 0.51875 0.01328125 0.0125
2 0.21484375 0.403125 0.0109375 0.01015625
2 0.21484375 0.41484375 0.01171875 0.01015625
2 0.23984375 0.40078125 0.00703125 0.01015625
2 0.24453125 0.4109375 0.01015625 0.00859375
2 0.2609375 0.39609375 0.009375 0.01015625
2 0.26171875 0.41015625 0.009375 0.0109375
2 0.29375 0.3953125 0.01015625 0.01015625
2 0.290625 0.37734375 0.0078125 0.0109375
2 0.315625 0.359375 0.00625 0.0125
2 0.3171875 0.371875 0.00703125 0.01171875
2 0.29296875 0.42578125 0.01171875 0.01015625
2 0.290625 0.4375 0.009375 0.009375
2 0.340625 0.45234375 0.0078125 0.0140625
2 0.35234375 0.425 0.00625 0.01328125
2 0.3390625 0.46796875 0.009375 0.0109375
2 0.3484375 0.47578125 0.0078125 0.01328125
2 0.3796875 0.446875 0.00703125 0.01015625
2 0.3609375 0.4828125 0.00625 0.00703125
2 0.39609375 0.37890625 0.00546875 0.01484375
2 0.41328125 0.38203125 0.00625 0.0109375
2 0.421875 0.378125 0.00546875 0.01015625
2 0.4234375 0.39296875 0.00859375 0.0109375
2 0.45859375 0.39375 0.00546875 0.01015625
2 0.4625 0.4140625 0.00625 0.01015625
2 0.4640625 0.42578125 0.00546875 0.01015625
2 0.4546875 0.43671875 0.009375 0.0140625
2 0.47578125 0.3953125 0.009375 0.0078125
2 0.47421875 0.4125 0.00703125 0.01015625
2 0.47421875 0.425 0.00390625 0.0109375
2 0.4796875 0.42578125 0.00546875 0.01328125
2 0.4859375 0.42421875 0.00546875 0.0109375
2 0.4875 0.40078125 0.0078125 0.0125
2 0.49609375 0.4125 0.0078125 0.009375
2 0.50859375 0.41875 0.009375 0.01015625
2 0.51328125 0.40703125 0.00859375 0.009375
2 0.52265625 0.4078125 0.0078125 0.009375
2 0.540625 0.40625 0.00546875 0.0125
2 0.54140625 0.41953125 0.00703125 0.01171875
2 0.58125 0.4109375 0.00703125 0.01171875
2 0.5890625 0.42421875 0.0078125 0.0109375
2 0.6140625 0.41171875 0.00859375 0.0109375
2 0.6296875 0.4125 0.00703125 0.01171875
2 0.65390625 0.41875 0.00546875 0.0109375
2 0.65859375 0.40390625 0.00546875 0.0125
2 0.66875 0.403125 0.00546875 0.01171875
2 0.68046875 0.4109375 0.0078125 0.01171875
2 0.68125 0.4265625 0.0078125 0.0125
2 0.6921875 0.4140625 0.01015625 0.01015625
2 0.7015625 0.4109375 0.00703125 0.00859375
2 0.70390625 0.42109375 0.01015625 0.0125
2 0.715625 0.421875 0.01171875 0.0109375
2 0.71875 0.40625 0.0125 0.01328125
2 0.7265625 0.42109375 0.0078125 0.0109375
2 0.7328125 0.40703125 0.01015625 0.01328125
2 0.753125 0.41953125 0.0109375 0.01640625
2 0.76171875 0.4484375 0.009375 0.0125
2 0.8390625 0.3703125 0.01328125 0.0109375
2 0.87265625 0.41953125 0.0109375 0.01640625
2 0.9046875 0.29921875 0.015625 0.01171875
2 0.915625 0.31171875 0.01484375 0.01171875
2 0.915625 0.32421875 0.015625 0.01015625
2 0.93046875 0.3 0.0140625 0.01015625
2 0.93125 0.28984375 0.015625 0.01015625
2 0.9328125 0.27734375 0.00703125 0.0109375
2 0.7140625 0.80234375 0.0125 0.02109375
2 0.69375 0.56796875 0.009375 0.01640625
2 0.64609375 0.546875 0.00703125 0.01171875
2 0.51953125 0.503125 0.00625 0.0125
2 0.559375 0.47890625 0.00625 0.0109375
2 0.509375 0.453125 0.00703125 0.01171875
2 0.47890625 0.49375 0.00625 0.01328125
2 0.2984375 0.49296875 0.00703125 0.01328125
2 0.31015625 0.52109375 0.00703125 0.015625
2 0.2296875 0.55546875 0.0109375 0.01484375
2 0.2265625 0.56640625 0.00625 0.00703125
2 0.21640625 0.61171875 0.00859375 0.0171875
2 0.08828125 0.66171875 0.01015625 0.0109375