1 0.88671875 0.7265625 0.0140625 0.0328125
1 0.86484375 0.6953125 0.0171875 0.0328125
1 0.853125 0.7046875 0.0140625 0.0328125
1 0.84453125 0.69453125 0.0125 0.03125
1 0.8359375 0.6921875 0.0125 0.0296875
1 0.82890625 0.690625 0.009375 0.028125
1 0.80546875 0.68828125 0.0125 0.028125
1 0.79609375 0.68515625 0.0109375 0.0234375
1 0.77578125 0.67421875 0.0109375 0.0296875
1 0.76796875 0.66796875 0.0125 0.0328125
1 0.759375 0.66953125 0.0109375 0.03125
1 0.74921875 0.66875 0.0125 0.03125
1 0.740625 0.6671875 0.0109375 0.0265625
1 0.7234375 0.66875 0.0140625 0.0328125
1 0.69765625 0.66640625 0.0125 0.028125
1 0.540625 0.63671875 0.009375 0.021875
1 0.5328125 0.6359375 0.0078125 0.0234375
1 0.52578125 0.634375 0.009375 0.028125
1 0.48203125 0.6109375 0.0125 0.03125
1 0.47421875 0.60859375 0.0109375 0.028125
1 0.45 0.60859375 0.0109375 0.034375
1 0.44296875 0.60859375 0.0109375 0.0328125
1 0.4375 0.6046875 0.0109375 0.028125
1 0.37109375 0.6078125 0.0078125 0.0203125
1 0.3625 0.6046875 0.0109375 0.0203125
1 0.35390625 0.60234375 0.0109375 0.021875
1 0.3328125 0.58359375 0.0078125 0.0234375
1 0.27421875 0.58515625 0.0109375 0.0296875
1 0.28125 0.5890625 0.0125 0.03125
1 0.3046875 0.58828125 0.00625 0.015625
1 0.29765625 0.58671875 0.0078125 0.0125
1 0.259375 0.58203125 0.0109375 0.034375
1 0.25234375 0.58671875 0.009375 0.0296875
1 0.24609375 0.57265625 0.0109375 0.03125
1 0.23671875 0.571875 0.0140625 0.034375
1 0.22734375 0.56875 0.0109375 0.03125
1 0.215625 0.5671875 0.0109375 0.0328125
1 0.20546875 0.56796875 0.0109375 0.03125
1 0.1953125 0.5828125 0.0109375 0.03125
1 0.18671875 0.58203125 0.0109375 0.034375
1 0.178125 0.58359375 0.0109375 0.0328125
1 0.03828125 0.60546875 0.0265625 0.025
1 0.14765625 0.45703125 0.0203125 0.021875
1 0.1859375 0.459375 0.01875 0.0140625
1 0.3984375 0.41953125 0.009375 0.0296875
1 0.40546875 0.42421875 0.0125 0.0328125
1 0.415625 0.421875 0.0140625 0.034375
1 0.425 0.42734375 0.0109375 0.0359375
1 0.4546875 0.43125 0.0109375 0.0359375
1 0.46171875 0.42578125 0.0109375 0.034375
1 0.46796875 0.42890625 0.009375 0.03125
1 0.47421875 0.4328125 0.0109375 0.0328125
1 0.48125 0.43359375 0.0109375 0.03125
1 0.48828125 0.43671875 0.0109375 0.03125
1 0.5015625 0.4328125 0.0109375 0.03125
1 0.5078125 0.43671875 0.0109375 0.0328125
1 0.5140625 0.43671875 0.0109375 0.0328125
1 0.52109375 0.43828125 0.0125 0.0328125
1 0.546875 0.44453125 0.0109375 0.03125
1 0.55625 0.44765625 0.0109375 0.0265625
1 0.565625 0.45078125 0.0109375 0.028125
1 0.5953125 0.453125 0.0109375 0.0296875
1 0.61484375 0.45703125 0.0109375 0.0328125
1 0.62734375 0.46171875 0.0109375 0.0328125
1 0.65234375 0.4671875 0.0125 0.0328125
1 0.66328125 0.4734375 0.0109375 0.028125
1 0.67109375 0.475 0.009375 0.021875
1 0.6890625 0.4796875 0.009375 0.0234375
1 0.696875 0.47890625 0.009375 0.021875
1 0.70546875 0.4828125 0.0125 0.028125
1 0.715625 0.465625 0.0078125 0.0203125
1 0.71875 0.48359375 0.0109375 0.03125
1 0.7265625 0.47265625 0.0109375 0.0296875
1 0.7328125 0.48046875 0.009375 0.0296875
1 0.9328125 0.225 0.0140625 0.0390625
0 0.96875 0.5828125 0.053125 0.04375
0 0.62578125 0.62734375 0.0609375 0.04375
2 0.9625 0.66328125 0.0171875 0.0140625
2 0.9453125 0.6875 0.0171875 0.0140625
2 0.93984375 0.696875 0.0125 0.0109375
2 0.90390625 0.6828125 0.0140625 0.0125
2 0.90859375 0.65859375 0.01875 0.015625
2 0.8453125 0.6609375 0.0140625 0.0125
2 0.821875 0.65 0.0125 0.0125
2 0.825 0.6359375 0.0140625 0.0125
2 0.8203125 0.62578125 0.015625 0.0109375
2 0.8203125 0.6109375 0.0140625 0.0140625
2 0.80078125 0.6375 0.0125 0.0109375
2 0.80078125 0.62734375 0.0140625 0.0125
2 0.8046875 0.61875 0.0140625 0.0109375
2 0.7875 0.61640625 0.0140625 0.0140625
1 0.7140625 0.63359375 0.021875 0.028125
2 0.77890625 0.64140625 0.0109375 0.0109375
2 0.78046875 0.6296875 0.0140625 0.0140625
2 0.76875 0.6390625 0.0109375 0.0125
2 0.76875 0.62890625 0.009375 0.009375
2 0.75859375 0.63671875 0.0125 0.0140625
2 0.76015625 0.62421875 0.0109375 0.0109375
2 0.74765625 0.6265625 0.0140625 0.0140625
2 0.74921875 0.6140625 0.0140625 0.0125
2 0.72734375 0.6140625 0.0125 0.0125
2 0.7296875 0.6046875 0.0140625 0.0109375
2 0.6953125 0.60546875 0.0125 0.0140625
2 0.696875 0.59296875 0.0125 0.0125
2 0.6671875 0.64296875 0.009375 0.0125
2 0.66953125 0.7140625 0.009375 0.0125
2 0.6609375 0.71484375 0.0078125 0.015625
2 0.61328125 0.58515625 0.0078125 0.0140625
2 0.603125 0.5984375 0.00625 0.0109375
2 0.596875 0.6 0.00625 0.009375
2 0.58828125 0.58984375 0.009375 0.0109375
2 0.59140625 0.58125 0.0078125 0.009375
2 0.55234375 0.60234375 0.0078125 0.015625
2 0.55234375 0.58984375 0.0078125 0.0109375
2 0.51796875 0.5984375 0.00625 0.0140625
2 0.521875 0.5859375 0.009375 0.0125
2 0.00234375 0.63046875 0.0046875 0.0171875
2 0.0015625 0.653125 0.003125 0.015625
2 0.0109375 0.65 0.015625 0.0125
2 0.01171875 0.64140625 0.0171875 0.0125
2 0.0328125 0.60703125 0.009375 0.0140625
2 0.05234375 0.49765625 0.009375 0.01875
2 0.14453125 0.45703125 0.0125 0.015625
2 0.18125 0.45859375 0.0078125 0.0125
2 0.1484375 0.584375 0.015625 0.0125
2 0.14375 0.575 0.015625 0.0140625
2 0.17265625 0.55859375 0.0125 0.0125
2 0.17109375 0.5453125 0.0125 0.015625
2 0.18203125 0.54296875 0.0125 0.0140625
2 0.2046875 0.5421875 0.0140625 0.0140625
2 0.24375 0.5359375 0.0109375 0.0125
2 0.2671875 0.553125 0.0140625 0.0109375
2 0.2671875 0.53828125 0.0125 0.0109375
2 0.32421875 0.53671875 0.0140625 0.0140625
2 0.353125 0.56953125 0.0109375 0.0125
2 0.378125 0.58125 0.009375 0.0140625
2 0.37890625 0.5671875 0.009375 0.015625
2 0.38984375 0.54765625 0.009375 0.0140625
2 0.38828125 0.57421875 0.0078125 0.0109375
2 0.403125 0.57734375 0.009375 0.0140625
2 0.4109375 0.58828125 0.009375 0.0140625
2 0.421875 0.57421875 0.0078125 0.0140625
2 0.41953125 0.56171875 0.009375 0.0140625
2 0.43359375 0.57109375 0.009375 0.015625
2 0.440625 0.58515625 0.0078125 0.009375
2 0.45234375 0.578125 0.009375 0.0109375
2 0.4484375 0.54921875 0.0125 0.0140625
2 0.46484375 0.5765625 0.0078125 0.0125
2 0.4671875 0.5609375 0.009375 0.015625
2 0.478125 0.54921875 0.0109375 0.0125
2 0.4859375 0.5875 0.0109375 0.0125
2 0.49609375 0.590625 0.0078125 0.0125
2 0.5046875 0.5953125 0.0078125 0.0125
2 0.4984375 0.578125 0.0078125 0.0125
2 0.50390625 0.5859375 0.0078125 0.0125
2 0.43125 0.45390625 0.0109375 0.0125
2 0.403125 0.45078125 0.0109375 0.0140625
2 0.36328125 0.39609375 0.0078125 0.0125
1 0.4609375 0.52578125 0.01875 0.0171875
1 0.5515625 0.509375 0.0203125 0.015625
2 0.9953125 0.0921875 0.009375 0.021875
2 0.9328125 0.2234375 0.015625 0.0109375
2 0.97265625 0.50859375 0.01875 0.0140625
2 0.86953125 0.4671875 0.0140625 0.0140625
2 0.87421875 0.45546875 0.0125 0.0125
2 0.95390625 0.43203125 0.0171875 0.0140625
2 0.96640625 0.43203125 0.0109375 0.009375
2 0.934375 0.428125 0.0140625 0.0140625
2 0.93515625 0.415625 0.0125 0.0125
2 0.9265625 0.41015625 0.0171875 0.0109375
2 0.925 0.39296875 0.0171875 0.0140625
2 0.93671875 0.3640625 0.0171875 0.0125
2 0.94296875 0.34453125 0.015625 0.0109375
2 0.94296875 0.3546875 0.0078125 0.0078125
2 0.9328125 0.353125 0.015625 0.0140625
2 0.70625 0.50546875 0.009375 0.015625
2 0.6828125 0.5015625 0.0125 0.0140625
2 0.540625 0.47109375 0.0125 0.0140625
2 0.54765625 0.51015625 0.009375 0.0125
2 0.45546875 0.525 0.0078125 0.0125
2 0.3375 0.16875 0.0171875 0.025