1 0.74296875 0.4140625 0.0140625 0.0328125
1 0.7671875 0.42265625 0.015625 0.034375
1 0.7828125 0.42734375 0.0140625 0.0296875
1 0.790625 0.43359375 0.0125 0.03125
1 0.80078125 0.43515625 0.0140625 0.0328125
1 0.8078125 0.43984375 0.0140625 0.0296875
1 0.81640625 0.4390625 0.0140625 0.03125
1 0.84140625 0.43125 0.0125 0.03125
1 0.85 0.43359375 0.015625 0.03125
1 0.93828125 0.428125 0.0171875 0.0359375
1 0.8734375 0.43828125 0.0140625 0.0359375
1 0.88203125 0.4390625 0.0140625 0.0359375
1 0.90859375 0.446875 0.0203125 0.0390625
1 0.88984375 0.43984375 0.0140625 0.0359375
1 0.89921875 0.434375 0.01875 0.0375
1 0.62421875 0.4046875 0.021875 0.0265625
1 0.5859375 0.38515625 0.0109375 0.0265625
1 0.578125 0.384375 0.0109375 0.0265625
1 0.57109375 0.3828125 0.0125 0.03125
1 0.52265625 0.39140625 0.0140625 0.034375
1 0.5125 0.38828125 0.0140625 0.03125
1 0.48984375 0.38125 0.0125 0.034375
1 0.484375 0.37890625 0.0125 0.034375
1 0.478125 0.378125 0.0140625 0.0359375
1 0.228125 0.3046875 0.0140625 0.0328125
1 0.23515625 0.3109375 0.0140625 0.034375
1 0.24296875 0.3140625 0.0140625 0.034375
1 0.2484375 0.33203125 0.0140625 0.028125
1 0.25703125 0.33671875 0.0140625 0.03125
1 0.26796875 0.33828125 0.015625 0.0328125
1 0.27890625 0.33984375 0.0171875 0.034375
1 0.2875 0.340625 0.0140625 0.03125
1 0.29765625 0.33125 0.0125 0.0328125
1 0.303125 0.33671875 0.0140625 0.0328125
1 0.31796875 0.3390625 0.015625 0.0328125
1 0.32578125 0.3390625 0.015625 0.034375
1 0.37421875 0.5390625 0.0140625 0.0328125
1 0.3828125 0.53828125 0.015625 0.034375
1 0.39140625 0.5453125 0.0171875 0.0421875
1 0.40234375 0.5421875 0.0140625 0.0375
1 0.43125 0.54921875 0.0140625 0.0328125
1 0.43671875 0.55546875 0.0125 0.0328125
1 0.44296875 0.55234375 0.0109375 0.028125
1 0.45 0.553125 0.0125 0.0296875
1 0.45625 0.55703125 0.0125 0.03125
1 0.46484375 0.55546875 0.0125 0.03125
1 0.4765625 0.5625 0.0140625 0.0328125
1 0.4828125 0.5609375 0.0125 0.03125
1 0.48828125 0.56484375 0.0140625 0.0328125
1 0.49609375 0.56484375 0.0140625 0.0328125
1 0.521875 0.56875 0.0125 0.03125
1 0.53203125 0.5703125 0.0125 0.0296875
1 0.54140625 0.56953125 0.0140625 0.03125
1 0.5703125 0.578125 0.0125 0.03125
1 0.590625 0.58203125 0.0140625 0.0359375
1 0.603125 0.58203125 0.0140625 0.034375
1 0.62734375 0.58671875 0.0140625 0.0328125
1 0.640625 0.5828125 0.0140625 0.0296875
1 0.6484375 0.5859375 0.0109375 0.025
1 0.6671875 0.58671875 0.0125 0.0265625
1 0.675 0.590625 0.0109375 0.0234375
1 0.684375 0.58671875 0.0125 0.028125
1 0.70859375 0.60234375 0.0125 0.0328125
1 0.69609375 0.59375 0.0109375 0.03125
1 0.6875 0.609375 0.0125 0.03125
1 0.7 0.60859375 0.0125 0.03125
1 0.8 0.61875 0.021875 0.03125
1 0.52421875 0.4671875 0.0234375 0.015625
1 0.434375 0.44765625 0.0265625 0.015625
1 0.3609375 0.43125 0.0265625 0.0203125
1 0.2640625 0.41484375 0.0265625 0.0203125
1 0.20078125 0.39609375 0.0234375 0.021875
1 0.19609375 0.353125 0.0234375 0.0234375
1 0.1578125 0.33828125 0.025 0.025
1 0.12734375 0.28203125 0.0234375 0.0328125
1 0.0890625 0.3 0.0203125 0.0390625
1 0.065625 0.2234375 0.01875 0.034375
1 0.09921875 0.09140625 0.0140625 0.0359375
1 0.371875 0.3625 0.0109375 0.0234375
1 0.3359375 0.3453125 0.0078125 0.015625
1 0.34140625 0.34765625 0.009375 0.0171875
1 0.34765625 0.34765625 0.0078125 0.015625
1 0.35390625 0.35390625 0.009375 0.0203125
1 0.36484375 0.3515625 0.00625 0.0140625
1 0.4171875 0.3546875 0.009375 0.0203125
1 0.40625 0.3546875 0.0125 0.021875
1 0.3984375 0.353125 0.0109375 0.0171875
1 0.7125 0.5125 0.0203125 0.015625
1 0.65703125 0.53046875 0.0234375 0.0171875
2 0.99375 0.478125 0.0125 0.015625
2 0.99453125 0.49375 0.0109375 0.015625
2 0.9765625 0.4921875 0.015625 0.0125
2 0.98046875 0.478125 0.0140625 0.015625
2 0.9703125 0.50234375 0.0125 0.0125
2 0.95390625 0.48046875 0.015625 0.0140625
2 0.93828125 0.4859375 0.0171875 0.0125
2 0.93671875 0.5 0.0140625 0.0140625
2 0.92890625 0.5484375 0.01875 0.015625
2 0.921875 0.57734375 0.01875 0.015625
2 0.89609375 0.60625 0.015625 0.0171875
2 0.8546875 0.45546875 0.015625 0.0140625
2 0.8546875 0.4671875 0.015625 0.0140625
2 0.85 0.48046875 0.0171875 0.015625
2 0.86171875 0.48828125 0.0140625 0.015625
2 0.85234375 0.5 0.0140625 0.0125
2 0.8515625 0.51015625 0.0140625 0.0125
2 0.8140625 0.46171875 0.0140625 0.015625
2 0.796875 0.4828125 0.0125 0.0125
2 0.79296875 0.49296875 0.0125 0.0125
2 0.7890625 0.50546875 0.015625 0.015625
2 0.78515625 0.46796875 0.015625 0.0140625
2 0.7734375 0.46953125 0.009375 0.0125
2 0.7703125 0.48046875 0.0109375 0.0125
2 0.76328125 0.45 0.0125 0.0140625
2 0.74296875 0.478125 0.0140625 0.0140625
2 0.74609375 0.45703125 0.0140625 0.0140625
2 0.73515625 0.4484375 0.0125 0.0140625
2 0.73203125 0.4703125 0.0125 0.0125
2 0.715625 0.46875 0.0140625 0.015625
2 0.70546875 0.41796875 0.0109375 0.0140625
2 0.67109375 0.475 0.0109375 0.0125
2 0.65625 0.46328125 0.0125 0.0109375
2 0.6546875 0.45234375 0.009375 0.0125
2 0.6390625 0.46875 0.0109375 0.0140625
2 0.60859375 0.43515625 0.009375 0.0171875
1 0.59921875 0.39375 0.015625 0.0171875
2 0.59765625 0.40703125 0.009375 0.0140625
2 0.59765625 0.45078125 0.0125 0.0140625
2 0.54609375 0.54140625 0.0140625 0.015625
2 0.57421875 0.4203125 0.0125 0.0140625
2 0.56328125 0.403125 0.0109375 0.0125
2 0.56015625 0.41640625 0.009375 0.0109375
2 0.55078125 0.42109375 0.0109375 0.0125
2 0.5265625 0.421875 0.0125 0.0109375
2 0.53984375 0.39921875 0.0078125 0.0125
2 0.54296875 0.4109375 0.0078125 0.0125
2 0.5328125 0.4078125 0.009375 0.0125
2 0.53984375 0.428125 0.0109375 0.01875
2 0.4890625 0.421875 0.009375 0.015625
2 0.47109375 0.39921875 0.009375 0.0109375
2 0.43671875 0.40078125 0.009375 0.0109375
2 0.42734375 0.4046875 0.009375 0.0109375
2 0.3328125 0.375 0.015625 0.0140625
2 0.3578125 0.3734375 0.009375 0.0140625
2 0.378125 0.378125 0.0109375 0.0140625
2 0.31796875 0.371875 0.0125 0.0109375
2 0.36328125 0.37734375 0.009375 0.0109375
2 0.31875 0.38046875 0.015625 0.0125
2 0.30625 0.37265625 0.0125 0.0140625
2 0.29609375 0.3609375 0.0140625 0.0125
2 0.21640625 0.37265625 0.0171875 0.0140625
2 0.23203125 0.340625 0.015625 0.015625
2 0.228125 0.35625 0.0140625 0.0125
2 0.23203125 0.36640625 0.0125 0.0109375
2 0.24609375 0.35078125 0.0125 0.0109375
2 0.24296875 0.3625 0.015625 0.015625
2 0.25234375 0.3734375 0.0140625 0.0140625
2 0.2578125 0.3609375 0.0140625 0.0140625
2 0.275 0.37578125 0.0125 0.0109375
2 0.28203125 0.36875 0.0109375 0.0109375
2 0.2828125 0.35859375 0.0125 0.0109375
2 0.2265625 0.7515625 0.0171875 0.0234375
2 0.871875 0.80625 0.015625 0.0140625
1 0.82109375 0.81640625 0.021875 0.0421875
2 0.9046875 0.71953125 0.015625 0.0140625
2 0.89296875 0.7234375 0.021875 0.025
2 0.928125 0.72890625 0.01875 0.015625
2 0.95625 0.728125 0.0140625 0.015625
2 0.2015625 0.2921875 0.015625 0.015625
2 0.19453125 0.3015625 0.0140625 0.0140625
2 0.2921875 0.5375 0.0125 0.015625
2 0.40390625 0.51328125 0.0125 0.0140625
2 0.878125 0.84609375 0.0171875 0.0171875
2 0.6984375 0.40546875 0.009375 0.015625
0 0.6609375 0.428125 0.0640625 0.05
2 0.64765625 0.56328125 0.0140625 0.0109375
2 0.71328125 0.5140625 0.009375 0.015625
2 0.52421875 0.4671875 0.009375 0.0171875
2 0.4359375 0.4453125 0.0109375 0.0171875
2 0.36015625 0.42890625 0.0125 0.01875
2 0.26015625 0.4140625 0.0109375 0.0171875
2 0.2 0.39375 0.0109375 0.0140625
2 0.12578125 0.27734375 0.0125 0.01875
2 0.08984375 0.3 0.0234375 0.0203125
2 0.06484375 0.221875 0.0140625 0.015625
2 0.821875 0.821875 0.0109375 0.0171875