0 0.38125 0.36640625 0.0625 0.046875
0 0.30859375 0.44609375 0.0640625 0.059375
1 0.12734375 0.25234375 0.0140625 0.0359375
1 0.1484375 0.2828125 0.0171875 0.0359375
1 0.16015625 0.2765625 0.015625 0.0328125
1 0.16796875 0.28671875 0.0125 0.0296875
1 0.17578125 0.28828125 0.0125 0.03125
1 0.18359375 0.29140625 0.0125 0.0296875
1 0.20703125 0.29296875 0.015625 0.034375
1 0.2171875 0.29765625 0.0125 0.03125
1 0.2359375 0.31015625 0.0125 0.0296875
1 0.24375 0.3171875 0.0125 0.028125
1 0.25078125 0.315625 0.0125 0.03125
1 0.2625 0.31796875 0.0125 0.03125
1 0.2703125 0.3171875 0.0125 0.03125
1 0.2875 0.31640625 0.0140625 0.0328125
1 0.31328125 0.32109375 0.0125 0.0296875
1 0.43046875 0.3734375 0.0203125 0.0296875
1 0.46796875 0.35703125 0.0109375 0.0265625
1 0.4765625 0.359375 0.0109375 0.0265625
1 0.4828125 0.35859375 0.009375 0.0265625
1 0.52421875 0.38828125 0.0140625 0.03125
1 0.53125 0.35546875 0.021875 0.0171875
1 0.5328125 0.390625 0.0109375 0.0296875
1 0.55703125 0.39296875 0.0109375 0.034375
1 0.56328125 0.39453125 0.0109375 0.0328125
1 0.56953125 0.3953125 0.0125 0.034375
1 0.634375 0.3984375 0.0109375 0.021875
1 0.64375 0.40234375 0.0125 0.0234375
1 0.65234375 0.40390625 0.0109375 0.021875
1 0.67265625 0.42421875 0.009375 0.0234375
1 0.684375 0.41640625 0.0078125 0.015625
1 0.6921875 0.421875 0.0078125 0.01875
1 0.70078125 0.4203125 0.00625 0.0140625
1 0.70703125 0.42421875 0.0078125 0.0171875
1 0.7234375 0.421875 0.0140625 0.03125
1 0.7328125 0.4234375 0.0140625 0.03125
1 0.74609375 0.428125 0.0125 0.03125
1 0.75390625 0.42578125 0.0109375 0.0296875
1 0.759375 0.4375 0.0140625 0.0359375
1 0.7671875 0.440625 0.015625 0.0359375
1 0.778125 0.44296875 0.0140625 0.034375
1 0.7890625 0.4453125 0.0140625 0.0328125
1 0.79921875 0.44609375 0.0140625 0.03125
1 0.809375 0.43046875 0.0140625 0.0328125
1 0.81875 0.43125 0.0125 0.034375
1 0.8265625 0.43125 0.0140625 0.0328125
0 1 0.31775535 0.9630200140625 0.3699551109375 0.965242325 0.38628416875 0.977108259375 0.3911672 0.983245671875 0.386399234375 0.9912434015624999 0.36752081406250003 0.9934260625 0.3652859625 0.9961336515625 0.3614758265625 0.993749440625 0.361980975 1 0.34163201875000004 1 0.31775535
2 0.79375 0.596875 0.015625 0.0171875
2 0.0390625 0.3015625 0.0171875 0.0203125
2 0.125 0.3234375 0.0140625 0.0125
2 0.12421875 0.33515625 0.015625 0.0125
2 0.159375 0.31171875 0.0125 0.015625
2 0.15703125 0.32578125 0.0140625 0.0125
2 0.14609375 0.34765625 0.0171875 0.015625
2 0.165625 0.3609375 0.0140625 0.0125
2 0.16015625 0.37265625 0.0140625 0.0140625
2 0.184375 0.31640625 0.0171875 0.015625
2 0.18203125 0.33203125 0.01875 0.015625
2 0.19375 0.3625 0.015625 0.0140625
2 0.21875 0.34453125 0.015625 0.0140625
1 0.06796875 0.5625 0.0203125 0.0328125
1 0.1125 0.54375 0.01875 0.0390625
1 0.13125 0.534375 0.015625 0.0375
1 0.13515625 0.559375 0.021875 0.0375
1 0.1578125 0.5125 0.01875 0.0375
1 0.18203125 0.53515625 0.0203125 0.0328125
1 0.2109375 0.53203125 0.021875 0.03125
2 0.065625 0.5625 0.0140625 0.0109375
2 0.0453125 0.59140625 0.0171875 0.0171875
2 0.04296875 0.60234375 0.015625 0.0125
2 0.08671875 0.64453125 0.0140625 0.0109375
2 0.08671875 0.65625 0.0140625 0.0125
2 0.1125 0.5453125 0.0140625 0.0109375
2 0.13515625 0.55859375 0.0140625 0.015625
2 0.15625 0.5171875 0.0125 0.0125
2 0.2078125 0.53203125 0.0140625 0.01875
2 0.17890625 0.53671875 0.0109375 0.015625
2 0.1328125 0.534375 0.015625 0.0109375
2 0.24296875 0.33828125 0.01875 0.015625
2 0.22578125 0.33203125 0.015625 0.0140625
2 0.2359375 0.3484375 0.009375 0.0078125
2 0.24296875 0.35859375 0.0140625 0.0109375
2 0.27734375 0.34765625 0.0125 0.0125
2 0.29375 0.34296875 0.0140625 0.0125
2 0.290625 0.35703125 0.0125 0.0125
2 0.36015625 0.33515625 0.0140625 0.0140625
2 0.29296875 0.3796875 0.0140625 0.01875
1 0.25703125 0.41015625 0.021875 0.0234375
2 0.2546875 0.4109375 0.0109375 0.015625
1 0.29453125 0.40078125 0.021875 0.021875
2 0.29140625 0.40234375 0.0109375 0.015625
2 0.29921875 0.4015625 0.0078125 0.0125
1 0.34296875 0.4109375 0.021875 0.0203125
2 0.33984375 0.409375 0.0078125 0.0125
2 0.34609375 0.41171875 0.009375 0.0140625
2 0.40234375 0.403125 0.0125 0.0125
2 0.4 0.4140625 0.009375 0.0125
2 0.42421875 0.3515625 0.009375 0.0140625
2 0.41328125 0.39609375 0.009375 0.0125
2 0.42734375 0.39609375 0.0109375 0.0109375
2 0.42421875 0.4078125 0.009375 0.0140625
1 0.425 0.434375 0.0203125 0.015625
2 0.42265625 0.43515625 0.0109375 0.01875
2 0.43828125 0.39609375 0.009375 0.0171875
2 0.4296875 0.3734375 0.0109375 0.0140625
2 0.4578125 0.37109375 0.0109375 0.0140625
2 0.453125 0.38671875 0.00625 0.009375
2 0.45078125 0.4109375 0.0125 0.0109375
2 0.46484375 0.41328125 0.0109375 0.015625
2 0.46796875 0.39609375 0.0078125 0.0125
2 0.478125 0.3953125 0.009375 0.015625
2 0.48125 0.38203125 0.009375 0.0109375
2 0.4734375 0.378125 0.009375 0.0140625
2 0.4640625 0.38125 0.009375 0.0125
2 0.503125 0.41484375 0.009375 0.0140625
2 0.51484375 0.41015625 0.0078125 0.0140625
2 0.54296875 0.4203125 0.0109375 0.0140625
2 0.515625 0.4375 0.0125 0.0125
2 0.578125 0.42265625 0.0125 0.0140625
2 0.59609375 0.428125 0.0109375 0.0140625
2 0.60703125 0.41484375 0.0125 0.015625
2 0.5984375 0.44921875 0.0125 0.015625
2 0.61484375 0.4265625 0.0078125 0.0125
2 0.625 0.4265625 0.009375 0.0109375
2 0.6421875 0.42421875 0.0140625 0.0140625
2 0.6203125 0.44453125 0.0078125 0.015625
2 0.6390625 0.44296875 0.0109375 0.0140625
2 0.64609375 0.44453125 0.009375 0.0140625
2 0.65625 0.45546875 0.0109375 0.0140625
2 0.68515625 0.46484375 0.015625 0.0125
2 0.74296875 0.47578125 0.0109375 0.015625
2 0.7859375 0.46796875 0.0125 0.0125
2 0.78203125 0.478125 0.015625 0.0125
2 0.64140625 0.5953125 0.0125 0.0171875
2 0.5984375 0.61015625 0.009375 0.0140625
2 0.56953125 0.5984375 0.009375 0.0125
2 0.90546875 0.425 0.015625 0.0140625
2 0.90703125 0.4375 0.015625 0.0140625
2 0.9265625 0.4015625 0.015625 0.015625
2 0.8953125 0.4765625 0.0140625 0.01875
1 0.5984375 0.584375 0.0140625 0.03125
1 0.590625 0.57890625 0.0140625 0.034375
1 0.58046875 0.5828125 0.015625 0.0390625
1 0.571875 0.5734375 0.0125 0.0328125
1 0.54375 0.5703125 0.0125 0.03125
1 0.53515625 0.57421875 0.0125 0.0328125
1 0.5296875 0.57109375 0.0125 0.0328125
1 0.5234375 0.56640625 0.0109375 0.0296875
2 0.5234375 0.5328125 0.009375 0.0125
1 0.5171875 0.56640625 0.0125 0.03125
1 0.51015625 0.5609375 0.0109375 0.0296875
1 0.49609375 0.56484375 0.0125 0.03125
1 0.48984375 0.5609375 0.0109375 0.0296875
1 0.48359375 0.56015625 0.0125 0.03125
1 0.4765625 0.55625 0.0140625 0.0359375
1 0.4515625 0.55078125 0.0125 0.028125
1 0.4421875 0.5484375 0.0125 0.028125
1 0.434375 0.54375 0.0125 0.0296875
1 0.40390625 0.53984375 0.0125 0.028125
1 0.384375 0.534375 0.0125 0.0359375
1 0.37265625 0.5296875 0.0109375 0.0328125
1 0.34765625 0.52265625 0.0140625 0.0328125
1 0.33671875 0.515625 0.0125 0.028125
1 0.3296875 0.5140625 0.0109375 0.0234375
1 0.31171875 0.509375 0.0125 0.028125
1 0.303125 0.5109375 0.0109375 0.0234375
1 0.29609375 0.5046875 0.0125 0.028125
2 0.29765625 0.49921875 0.009375 0.0140625
1 0.2859375 0.515625 0.0125 0.0328125
1 0.2828125 0.503125 0.0125 0.03125
1 0.2734375 0.51328125 0.0125 0.0328125
1 0.26796875 0.50625 0.0125 0.034375
2 0.3671875 0.50625 0.0109375 0.0125
2 0.37734375 0.49921875 0.0125 0.0109375
2 0.3796875 0.509375 0.0109375 0.0109375
2 0.35703125 0.509375 0.009375 0.0109375
2 0.36015625 0.4953125 0.0109375 0.01875
1 0.35546875 0.184375 0.0171875 0.0390625
2 0.646875 0.8390625 0.0171875 0.025