1 0.9046875 0.5890625 0.0140625 0.034375
1 0.89609375 0.59921875 0.0125 0.03125
1 0.84296875 0.1234375 0.015625 0.0375
0 0.65625 0.58828125 0.0609375 0.046875
1 0.93515625 0.61328125 0.0125 0.034375
1 0.8875 0.59609375 0.0125 0.034375
1 0.878125 0.59609375 0.0109375 0.0328125
1 0.8703125 0.596875 0.0109375 0.034375
1 0.8453125 0.6015625 0.0125 0.0359375
1 0.8359375 0.60078125 0.0125 0.0328125
1 0.81328125 0.59296875 0.0109375 0.0328125
1 0.8046875 0.590625 0.0109375 0.0296875
1 0.79765625 0.59296875 0.0109375 0.03125
1 0.7859375 0.59375 0.0109375 0.03125
1 0.778125 0.6 0.0109375 0.0328125
1 0.7625 0.6046875 0.0140625 0.0359375
1 0.73671875 0.60859375 0.0125 0.0296875
1 0.57734375 0.6234375 0.0078125 0.025
1 0.56953125 0.6234375 0.0078125 0.025
1 0.5625 0.62421875 0.009375 0.0296875
1 0.51484375 0.61328125 0.0109375 0.0328125
1 0.50546875 0.6140625 0.0109375 0.03125
1 0.4828125 0.6203125 0.0109375 0.0375
1 0.4765625 0.62109375 0.0109375 0.034375
1 0.46953125 0.621875 0.0109375 0.034375
1 0.29140625 0.64609375 0.0109375 0.034375
1 0.30703125 0.64609375 0.0109375 0.0296875
1 0.31484375 0.64609375 0.0109375 0.028125
1 0.28515625 0.65078125 0.009375 0.0296875
1 0.2765625 0.6421875 0.0109375 0.0359375
1 0.2671875 0.64296875 0.0125 0.0359375
1 0.25703125 0.64375 0.0109375 0.034375
1 0.2453125 0.6453125 0.0109375 0.0375
1 0.23671875 0.64921875 0.0125 0.034375
1 0.2296875 0.6671875 0.009375 0.03125
1 0.2203125 0.66640625 0.009375 0.0328125
1 0.2140625 0.66953125 0.0109375 0.0328125
1 0.3296875 0.63984375 0.00625 0.0171875
1 0.3375 0.63984375 0.0078125 0.0140625
1 0.3625 0.628125 0.009375 0.021875
1 0.40625 0.6390625 0.0078125 0.01875
1 0.396875 0.63828125 0.0109375 0.0203125
1 0.38828125 0.6390625 0.009375 0.01875
1 0.07890625 0.7890625 0.0125 0.0390625
1 0.0625 0.77734375 0.0140625 0.040625
1 0.07578125 0.73515625 0.0140625 0.0359375
1 0.10078125 0.7203125 0.01875 0.0390625
1 0.1328125 0.640625 0.021875 0.028125
1 0.38125 0.453125 0.0109375 0.0359375
1 0.3890625 0.45546875 0.0125 0.0359375
1 0.3984375 0.44921875 0.0125 0.034375
1 0.4078125 0.4515625 0.0109375 0.034375
1 0.43828125 0.44921875 0.0109375 0.0328125
1 0.4421875 0.44140625 0.0109375 0.0328125
1 0.45078125 0.4421875 0.009375 0.03125
1 0.45703125 0.44375 0.009375 0.03125
1 0.4640625 0.44140625 0.0109375 0.0328125
1 0.471875 0.44296875 0.009375 0.0328125
1 0.48359375 0.4375 0.0109375 0.03125
1 0.48984375 0.4390625 0.009375 0.03125
1 0.49609375 0.4359375 0.009375 0.03125
1 0.50390625 0.43671875 0.009375 0.0328125
1 0.5296875 0.43671875 0.0109375 0.0296875
1 0.5390625 0.43515625 0.0109375 0.0265625
1 0.54921875 0.43671875 0.0109375 0.03125
1 0.57890625 0.4296875 0.009375 0.0296875
1 0.59921875 0.42890625 0.0109375 0.0359375
1 0.6125 0.43125 0.0109375 0.034375
1 0.63828125 0.42734375 0.0109375 0.0328125
1 0.65 0.43046875 0.0109375 0.0296875
1 0.6578125 0.4296875 0.009375 0.0234375
1 0.6765625 0.4328125 0.009375 0.0203125
1 0.684375 0.42890625 0.0078125 0.01875
1 0.69375 0.43203125 0.009375 0.021875
1 0.70625 0.43046875 0.009375 0.0234375
1 0.7203125 0.4203125 0.009375 0.0328125
1 0.71171875 0.41640625 0.009375 0.021875
1 0.85625 0.234375 0.0125 0.0296875
1 0.08046875 0.9609375 0.0140625 0.0375
2 0.996875 0.596875 0.00625 0.015625
2 0.99765625 0.58203125 0.0046875 0.0140625
2 0.97578125 0.559375 0.0125 0.0125
2 0.96015625 0.56328125 0.01875 0.0203125
2 0.95 0.53671875 0.01875 0.0171875
2 0.946875 0.521875 0.015625 0.015625
2 0.9375 0.553125 0.0140625 0.0140625
2 0.9203125 0.5203125 0.0171875 0.0171875
2 0.92890625 0.4875 0.021875 0.0171875
2 0.91953125 0.54921875 0.0140625 0.0109375
2 0.88203125 0.56875 0.0140625 0.0140625
2 0.89921875 0.553125 0.0140625 0.0140625
2 0.8953125 0.54140625 0.015625 0.0125
2 0.88203125 0.55234375 0.0109375 0.0140625
2 0.878125 0.5375 0.0140625 0.0109375
2 0.8625 0.5328125 0.0171875 0.0125
2 0.84453125 0.54609375 0.0171875 0.0140625
2 0.83125 0.5703125 0.0125 0.0140625
2 0.803125 0.5671875 0.0125 0.0125
2 0.79375 0.56875 0.009375 0.0140625
2 0.834375 0.52109375 0.0171875 0.015625
2 0.82734375 0.478125 0.0109375 0.0125
2 0.8953125 0.39296875 0.01875 0.015625
2 0.871875 0.36015625 0.0140625 0.0140625
2 0.91484375 0.35546875 0.0125 0.009375
2 0.925 0.3265625 0.0171875 0.0140625
2 0.95078125 0.32265625 0.0171875 0.0140625
2 0.8140625 0.3515625 0.0125 0.009375
2 0.81171875 0.36484375 0.0140625 0.0125
2 0.7984375 0.35703125 0.015625 0.0125
2 0.75859375 0.39453125 0.0125 0.0140625
2 0.878125 0.2375 0.015625 0.0109375
2 0.87734375 0.25 0.0125 0.0140625
2 0.86640625 0.225 0.0109375 0.009375
2 0.709375 0.46328125 0.0125 0.0171875
2 0.64921875 0.49609375 0.0109375 0.01875
2 0.73984375 0.5484375 0.0109375 0.0140625
2 0.765625 0.55078125 0.0140625 0.0140625
2 0.73515625 0.5671875 0.0140625 0.0109375
2 0.73359375 0.57890625 0.0125 0.0125
2 0.7296875 0.5578125 0.009375 0.0109375
2 0.71015625 0.61875 0.0078125 0.0125
2 0.70234375 0.60703125 0.009375 0.0125
2 0.07578125 0.79453125 0.0109375 0.0109375
2 0.13125 0.6421875 0.0109375 0.015625
2 0.12265625 0.74140625 0.0140625 0.0234375
2 0.1265625 0.72109375 0.0171875 0.015625
2 0.1328125 0.7015625 0.01875 0.01875
2 0.153125 0.66796875 0.0140625 0.015625
2 0.15859375 0.68046875 0.0140625 0.0140625
2 0.1671875 0.66328125 0.0109375 0.0109375
2 0.1734375 0.6828125 0.0140625 0.015625
2 0.1828125 0.67109375 0.0109375 0.009375
2 0.19375 0.65703125 0.0171875 0.0171875
2 0.17890625 0.6625 0.0140625 0.0140625
2 0.196875 0.64296875 0.0140625 0.0140625
2 0.18984375 0.63359375 0.015625 0.0125
2 0.2140625 0.6296875 0.0140625 0.0125
2 0.2078125 0.6203125 0.0140625 0.009375
2 0.2203125 0.59765625 0.0171875 0.0140625
2 0.22109375 0.61328125 0.0140625 0.0140625
2 0.57578125 0.60546875 0.0078125 0.0125
2 0.565625 0.5984375 0.009375 0.0140625
2 0.5671875 0.578125 0.0109375 0.0140625
2 0.55625 0.5875 0.009375 0.0125
2 0.52734375 0.5953125 0.009375 0.0125
2 0.53515625 0.59375 0.0078125 0.0109375
2 0.54296875 0.58828125 0.009375 0.0109375
2 0.54140625 0.578125 0.0109375 0.0109375
2 0.51171875 0.5921875 0.009375 0.009375
2 0.5125 0.5828125 0.00625 0.009375
2 0.50546875 0.57734375 0.0078125 0.009375
2 0.50078125 0.56484375 0.009375 0.0125
2 0.48515625 0.59140625 0.0078125 0.0109375
2 0.48125 0.57890625 0.00625 0.0125
2 0.4734375 0.5984375 0.0109375 0.0125
2 0.4703125 0.58515625 0.0125 0.0140625
2 0.45859375 0.5984375 0.0078125 0.0109375
2 0.453125 0.5703125 0.0109375 0.015625
2 0.4546875 0.58671875 0.00625 0.0109375
2 0.43359375 0.609375 0.0078125 0.0109375
2 0.434375 0.596875 0.0078125 0.0125
2 0.421875 0.5703125 0.0109375 0.0140625
2 0.4203125 0.596875 0.0078125 0.0125
2 0.42109375 0.6078125 0.0078125 0.0109375
2 0.34453125 0.6109375 0.0125 0.009375
2 0.34296875 0.59921875 0.0109375 0.0109375
2 0.328125 0.5921875 0.0125 0.0125
2 0.253125 0.5890625 0.0125 0.0109375
2 0.26484375 0.60078125 0.009375 0.0140625
2 0.284375 0.6140625 0.0125 0.0140625
2 0.25390625 0.60546875 0.0125 0.0109375
2 0.240625 0.615625 0.0125 0.009375
2 0.23984375 0.6046875 0.0109375 0.0109375
2 0.25703125 0.6140625 0.0109375 0.0078125
2 0.25390625 0.6234375 0.0078125 0.009375
2 0.096875 0.72265625 0.0125 0.0140625
2 0.071875 0.74140625 0.0140625 0.0109375
1 0.30078125 0.5578125 0.025 0.01875
2 0.3 0.55859375 0.009375 0.0140625
2 0.303125 0.478125 0.0140625 0.01875
2 0.4109375 0.48515625 0.0125 0.0125
2 0.41015625 0.475 0.009375 0.0109375