0 0.63203125 0.37578125 0.0609375 0.0453125
1 0.896875 0.290625 0.0125 0.0328125
1 0.87265625 0.31953125 0.015625 0.0390625
1 0.8625 0.3125 0.0125 0.034375
1 0.85390625 0.3203125 0.0109375 0.03125
1 0.84609375 0.3234375 0.009375 0.0296875
1 0.83828125 0.32578125 0.009375 0.028125
1 0.8140625 0.32421875 0.0125 0.0359375
1 0.80390625 0.32890625 0.0109375 0.028125
1 0.78359375 0.3390625 0.0109375 0.0296875
1 0.775 0.34375 0.009375 0.0296875
1 0.76796875 0.34296875 0.0109375 0.0328125
1 0.75625 0.34375 0.009375 0.0328125
1 0.74765625 0.340625 0.009375 0.0296875
1 0.73125 0.33984375 0.0125 0.034375
1 0.70625 0.34140625 0.009375 0.0296875
1 0.67734375 0.2015625 0.0109375 0.0328125
1 0.54765625 0.36171875 0.0078125 0.021875
1 0.5390625 0.3640625 0.0078125 0.025
1 0.53203125 0.3640625 0.009375 0.0328125
1 0.48359375 0.35390625 0.0203125 0.0140625
1 0.48828125 0.3859375 0.0109375 0.0328125
1 0.4796875 0.38671875 0.0109375 0.03125
1 0.4546875 0.3859375 0.009375 0.034375
1 0.4484375 0.38671875 0.0078125 0.03125
1 0.44296875 0.3890625 0.009375 0.03125
1 0.37734375 0.384375 0.0078125 0.01875
1 0.36875 0.3859375 0.0078125 0.0171875
1 0.359375 0.3890625 0.0078125 0.01875
1 0.33671875 0.40625 0.00625 0.021875
1 0.1828125 0.396875 0.0109375 0.0328125
1 0.18984375 0.39921875 0.0109375 0.034375
1 0.19921875 0.39765625 0.009375 0.0328125
1 0.209375 0.41484375 0.0109375 0.0296875
1 0.21875 0.415625 0.0109375 0.03125
1 0.23125 0.4140625 0.009375 0.0328125
1 0.23984375 0.41171875 0.0125 0.034375
1 0.24921875 0.4109375 0.009375 0.0328125
1 0.25703125 0.3984375 0.009375 0.03125
1 0.26328125 0.40234375 0.009375 0.0328125
1 0.278125 0.39921875 0.0109375 0.0296875
1 0.2859375 0.39765625 0.0125 0.03125
2 0.2234375 0.4375 0.0140625 0.0125
2 0.221875 0.453125 0.0125 0.0140625
2 0.2078125 0.44296875 0.0140625 0.0140625
2 0.196875 0.43359375 0.009375 0.0125
2 0.1984375 0.44921875 0.0125 0.0109375
1 0.30234375 0.4015625 0.0078125 0.015625
1 0.309375 0.3984375 0.00625 0.0140625
1 0.03046875 0.4015625 0.0171875 0.0328125
1 0.15859375 0.51875 0.021875 0.0125
1 0.39453125 0.571875 0.009375 0.0328125
1 0.4015625 0.56953125 0.0109375 0.0328125
1 0.41171875 0.5703125 0.0109375 0.034375
1 0.42109375 0.56640625 0.009375 0.0359375
1 0.45078125 0.56328125 0.0109375 0.03125
1 0.4578125 0.56875 0.009375 0.0328125
1 0.4640625 0.5671875 0.009375 0.0328125
1 0.4703125 0.5640625 0.009375 0.034375
1 0.4765625 0.5640625 0.009375 0.0328125
1 0.484375 0.5609375 0.009375 0.03125
1 0.49765625 0.56484375 0.0109375 0.0328125
1 0.50390625 0.5609375 0.009375 0.03125
1 0.51015625 0.56171875 0.009375 0.0328125
1 0.5171875 0.56015625 0.009375 0.03125
1 0.54375 0.5546875 0.0078125 0.028125
1 0.553125 0.553125 0.009375 0.028125
1 0.56171875 0.55 0.009375 0.0296875
1 0.5921875 0.5484375 0.0078125 0.028125
1 0.6125 0.54609375 0.009375 0.0328125
1 0.625 0.54296875 0.009375 0.0328125
1 0.65078125 0.540625 0.009375 0.0296875
1 0.6609375 0.534375 0.009375 0.0296875
1 0.66875 0.5328125 0.0078125 0.0234375
1 0.68671875 0.528125 0.009375 0.0234375
1 0.69453125 0.52890625 0.0078125 0.0203125
1 0.703125 0.52578125 0.0109375 0.0296875
1 0.7140625 0.54609375 0.0078125 0.0296875
1 0.7171875 0.525 0.009375 0.03125
1 0.725 0.53671875 0.0109375 0.03125
1 0.73125 0.5296875 0.009375 0.03125
1 0.8359375 0.5921875 0.0109375 0.0359375
1 0.915625 0.79375 0.0109375 0.0390625
1 0.6671875 0.4453125 0.021875 0.015625
2 0.04453125 0.34375 0.0140625 0.0171875
2 0.02734375 0.40078125 0.0109375 0.0171875
1 0.06484375 0.525 0.0171875 0.0140625
2 0.06015625 0.5265625 0.0078125 0.0125
2 0.15390625 0.51796875 0.0078125 0.0140625
2 0.11484375 0.35859375 0.015625 0.009375
2 0.10703125 0.3671875 0.0125 0.0140625
2 0.15625 0.38984375 0.0140625 0.0140625
2 0.14296875 0.4 0.0109375 0.0140625
2 0.31015625 0.42890625 0.0109375 0.0125
2 0.32265625 0.44609375 0.0109375 0.0109375
2 0.3421875 0.42734375 0.0109375 0.0109375
2 0.34375 0.43828125 0.0109375 0.0125
2 0.35234375 0.428125 0.009375 0.0109375
2 0.36328125 0.4171875 0.0109375 0.0125
2 0.37421875 0.4125 0.009375 0.009375
2 0.38125 0.42890625 0.009375 0.0125
2 0.3796875 0.44296875 0.0125 0.0125
2 0.39453125 0.428125 0.0109375 0.0140625
2 0.4 0.41171875 0.0078125 0.0140625
2 0.40859375 0.4171875 0.0078125 0.0109375
2 0.40546875 0.4578125 0.0109375 0.0140625
2 0.428125 0.43046875 0.009375 0.0140625
2 0.43046875 0.44453125 0.009375 0.0140625
2 0.44296875 0.41484375 0.009375 0.0125
2 0.4546875 0.409375 0.00625 0.0109375
2 0.45390625 0.4234375 0.0078125 0.0125
2 0.4671875 0.41015625 0.00625 0.0140625
2 0.478125 0.4078125 0.0109375 0.0140625
2 0.48046875 0.42421875 0.0109375 0.0140625
2 0.46328125 0.4203125 0.009375 0.0125
2 0.50625 0.39765625 0.009375 0.0125
2 0.51015625 0.409375 0.009375 0.0125
2 0.5125 0.43125 0.0078125 0.0109375
2 0.546875 0.396875 0.0078125 0.009375
2 0.54609375 0.40625 0.009375 0.009375
2 0.54453125 0.4328125 0.0109375 0.0125
2 0.565625 0.4125 0.0078125 0.0125
2 0.56484375 0.38984375 0.0078125 0.0125
2 0.5625 0.37734375 0.0125 0.0140625
2 0.61796875 0.44375 0.009375 0.015625
2 0.62421875 0.44296875 0.0078125 0.0109375
2 0.63125 0.5125 0.009375 0.0125
2 0.53828125 0.52890625 0.0078125 0.0109375
2 0.4828125 0.53828125 0.0109375 0.0140625
2 0.47265625 0.5265625 0.0125 0.0140625
2 0.4578125 0.5390625 0.0109375 0.0140625
2 0.65234375 0.4078125 0.0125 0.0125
2 0.653125 0.41953125 0.009375 0.0125
2 0.69453125 0.39921875 0.009375 0.009375
2 0.69453125 0.409375 0.0109375 0.0109375
2 0.9625 0.30625 0.0171875 0.0140625
2 0.90390625 0.3390625 0.0140625 0.0109375
2 0.91015625 0.34765625 0.0140625 0.0125
2 0.9 0.38125 0.0125 0.0125
2 0.9625 0.45859375 0.0171875 0.0140625
2 0.88671875 0.37109375 0.0140625 0.0140625
2 0.85703125 0.36640625 0.0140625 0.0140625
2 0.85 0.34765625 0.015625 0.0140625
2 0.81484375 0.36640625 0.0125 0.0109375
2 0.78984375 0.37265625 0.0140625 0.0109375
2 0.79296875 0.38515625 0.0140625 0.0125
2 0.78125 0.39609375 0.0140625 0.0125
2 0.76953125 0.3890625 0.0109375 0.0109375
2 0.7671875 0.37734375 0.0109375 0.0125
2 0.7703125 0.4 0.0109375 0.0109375
1 0.72578125 0.3734375 0.021875 0.0203125
2 0.728125 0.37421875 0.009375 0.0171875
2 0.746875 0.3796875 0.0125 0.0109375
2 0.7515625 0.38984375 0.0109375 0.0125
2 0.73828125 0.3875 0.0109375 0.009375
2 0.73828125 0.39765625 0.009375 0.0109375
2 0.7265625 0.39140625 0.009375 0.0109375
2 0.7125 0.39296875 0.0125 0.0109375
2 0.72734375 0.40390625 0.0125 0.0109375
2 0.71328125 0.40546875 0.009375 0.0125
2 0.73046875 0.42109375 0.0109375 0.0140625
2 0.6640625 0.446875 0.0078125 0.0109375
2 0.31953125 0.81953125 0.015625 0.0203125
2 0.97578125 0.86015625 0.0140625 0.021875
2 0.98203125 0.853125 0.015625 0.0203125
2 0.89453125 0.6921875 0.0140625 0.0171875
2 0.9453125 0.57109375 0.0140625 0.0125
2 0.91796875 0.63203125 0.0125 0.0125
2 0.9296875 0.65546875 0.015625 0.0171875
2 0.9234375 0.6703125 0.0140625 0.015625
2 0.90625 0.634375 0.0171875 0.0140625
2 0.95546875 0.5875 0.015625 0.0125
2 0.96875 0.58671875 0.0109375 0.0078125
2 0.9625 0.578125 0.0234375 0.0125
2 0.81015625 0.54375 0.015625 0.01875
2 0.80625 0.55703125 0.0140625 0.0109375