1 0.08046875 0.65078125 0.0109375 0.0328125
1 0.10859375 0.625 0.009375 0.034375
1 0.1171875 0.63359375 0.009375 0.03125
1 0.1265625 0.62734375 0.0078125 0.0328125
1 0.13515625 0.62578125 0.0078125 0.028125
1 0.14296875 0.6265625 0.0078125 0.0296875
1 0.1671875 0.6296875 0.009375 0.03125
1 0.1765625 0.6265625 0.009375 0.0265625
1 0.19921875 0.6203125 0.0078125 0.03125
1 0.2078125 0.615625 0.0078125 0.0296875
1 0.2140625 0.6171875 0.0078125 0.0296875
1 0.22578125 0.61875 0.0078125 0.028125
1 0.2328125 0.62109375 0.0078125 0.0296875
1 0.25 0.625 0.009375 0.03125
1 0.27578125 0.628125 0.0078125 0.0265625
0 0.353125 0.60234375 0.053125 0.0359375
0 0.6234375 0.5125 0.0515625 0.0390625
0 0.7078125 0.55078125 0.0515625 0.0359375
1 0.7578125 0.56015625 0.021875 0.009375
1 0.86484375 0.58828125 0.021875 0.021875
1 0.8015625 0.64296875 0.0078125 0.03125
1 0.79453125 0.6390625 0.0078125 0.0359375
1 0.78515625 0.6390625 0.00625 0.03125
1 0.77734375 0.62109375 0.009375 0.0328125
1 0.76796875 0.61953125 0.009375 0.03125
1 0.75703125 0.61953125 0.009375 0.03125
1 0.74609375 0.61953125 0.0109375 0.034375
1 0.7375 0.61953125 0.0078125 0.028125
1 0.728125 0.63046875 0.0078125 0.03125
1 0.72265625 0.62578125 0.00625 0.03125
1 0.70703125 0.62578125 0.0078125 0.0265625
1 0.6984375 0.628125 0.0109375 0.028125
1 0.68359375 0.621875 0.00625 0.0171875
1 0.67578125 0.62421875 0.0046875 0.0140625
1 0.66953125 0.6203125 0.0046875 0.01875
1 0.625 0.628125 0.0078125 0.01875
1 0.615625 0.62890625 0.00625 0.015625
1 0.60703125 0.62734375 0.00625 0.0171875
1 0.65 0.61484375 0.0046875 0.01875
1 0.53046875 0.615625 0.00625 0.034375
1 0.5359375 0.61796875 0.00625 0.0328125
1 0.54296875 0.6171875 0.00625 0.0359375
1 0.50703125 0.6140625 0.00625 0.03125
1 0.49765625 0.61171875 0.0078125 0.0296875
1 0.45 0.62734375 0.00625 0.025
1 0.44296875 0.62734375 0.00625 0.025
1 0.43515625 0.6296875 0.00625 0.0265625
1 0.496875 0.64453125 0.01875 0.009375
1 0.28359375 0.77109375 0.009375 0.0328125
1 0.30078125 0.5015625 0.0203125 0.0125
1 0.3140625 0.471875 0.01875 0.009375
1 0.48046875 0.5046875 0.0171875 0.015625
1 0.5078125 0.54609375 0.01875 0.0078125
1 0.5203125 0.49765625 0.0171875 0.0125
1 0.55703125 0.5234375 0.01875 0.009375
1 0.61640625 0.43984375 0.00625 0.034375
1 0.60859375 0.44375 0.0078125 0.0328125
1 0.5984375 0.440625 0.009375 0.03125
1 0.5890625 0.4421875 0.0078125 0.0359375
1 0.55859375 0.44140625 0.0078125 0.0328125
1 0.55234375 0.4359375 0.00625 0.03125
1 0.54609375 0.4375 0.00625 0.028125
1 0.5390625 0.4390625 0.00625 0.0296875
1 0.5328125 0.4375 0.00625 0.0296875
1 0.525 0.440625 0.00625 0.028125
1 0.5125 0.434375 0.0078125 0.03125
1 0.50625 0.4359375 0.00625 0.03125
1 0.5 0.43515625 0.00625 0.03125
1 0.48984375 0.440625 0.0078125 0.03125
1 0.465625 0.4375 0.00625 0.0296875
1 0.45625 0.4375 0.0078125 0.028125
1 0.44765625 0.440625 0.0078125 0.028125
1 0.4171875 0.43671875 0.0078125 0.028125
1 0.39609375 0.43671875 0.00625 0.0359375
1 0.38359375 0.43984375 0.0078125 0.03125
1 0.35859375 0.4390625 0.0078125 0.0296875
1 0.34609375 0.44453125 0.0078125 0.025
1 0.33828125 0.4421875 0.00625 0.021875
1 0.31953125 0.44453125 0.0078125 0.0234375
1 0.31171875 0.44296875 0.00625 0.021875
1 0.296875 0.43125 0.0078125 0.03125
1 0.28984375 0.44296875 0.0078125 0.03125
1 0.28359375 0.43046875 0.0078125 0.03125
1 0.27734375 0.4375 0.0078125 0.0296875
1 0.2328125 0.434375 0.0171875 0.0296875
1 0.22109375 0.38359375 0.0140625 0.028125
1 0.09609375 0.32578125 0.0234375 0.0234375
2 0.0375 0.60546875 0.0140625 0.0140625
2 0.0171875 0.56328125 0.015625 0.0140625
2 0.09765625 0.59609375 0.0140625 0.015625
2 0.09765625 0.57890625 0.015625 0.0125
2 0.13359375 0.5890625 0.015625 0.0125
2 0.1734375 0.57265625 0.0125 0.0125
2 0.15078125 0.46875 0.0140625 0.0125
2 0.21171875 0.58671875 0.0109375 0.0109375
2 0.21171875 0.575 0.0125 0.0109375
2 0.23671875 0.58984375 0.0078125 0.0109375
2 0.24140625 0.58046875 0.0109375 0.009375
2 0.2578125 0.5953125 0.009375 0.0109375
2 0.25859375 0.58125 0.009375 0.0109375
2 0.28984375 0.59765625 0.0109375 0.0109375
2 0.28671875 0.615625 0.0078125 0.0109375
2 0.3109375 0.634375 0.00625 0.0125
2 0.3125 0.621875 0.0078125 0.0125
2 0.290625 0.5671875 0.0125 0.0109375
2 0.28828125 0.55546875 0.009375 0.009375
2 0.3390625 0.5421875 0.0078125 0.0140625
2 0.35 0.56953125 0.00625 0.0140625
2 0.33828125 0.5265625 0.009375 0.0109375
2 0.34765625 0.51875 0.0078125 0.0140625
2 0.378125 0.54921875 0.0078125 0.0109375
2 0.36015625 0.5125 0.00625 0.0078125
2 0.3921875 0.6171875 0.00625 0.015625
2 0.409375 0.61484375 0.00625 0.0109375
2 0.41796875 0.61875 0.00625 0.0109375
2 0.41953125 0.60390625 0.009375 0.0109375
2 0.4546875 0.6046875 0.00625 0.0109375
2 0.459375 0.584375 0.00625 0.0109375
2 0.46171875 0.57265625 0.00625 0.0109375
2 0.45234375 0.56171875 0.009375 0.0140625
2 0.471875 0.60390625 0.009375 0.0078125
2 0.47109375 0.58671875 0.0078125 0.0109375
2 0.471875 0.57421875 0.0046875 0.0109375
2 0.47734375 0.5734375 0.00625 0.0140625
2 0.48359375 0.575 0.00625 0.0109375
2 0.484375 0.5984375 0.0078125 0.0125
2 0.49296875 0.5875 0.0078125 0.009375
2 0.50546875 0.58125 0.009375 0.0109375
2 0.51015625 0.59375 0.009375 0.009375
2 0.51953125 0.59296875 0.0078125 0.009375
2 0.5375 0.5953125 0.00625 0.0125
2 0.53828125 0.58203125 0.0078125 0.0125
2 0.578125 0.5921875 0.0078125 0.0125
2 0.58671875 0.57890625 0.0078125 0.0109375
2 0.6109375 0.5921875 0.009375 0.0109375
2 0.6265625 0.5921875 0.0078125 0.0125
2 0.65078125 0.58671875 0.00625 0.0109375
2 0.65546875 0.6015625 0.00625 0.0125
2 0.665625 0.60234375 0.00625 0.0125
2 0.67734375 0.5953125 0.0078125 0.0125
2 0.67890625 0.5796875 0.0078125 0.0125
2 0.6890625 0.59296875 0.0109375 0.0109375
2 0.6984375 0.59609375 0.0078125 0.009375
2 0.70078125 0.5859375 0.0109375 0.0125
2 0.7125 0.5859375 0.0125 0.0109375
2 0.715625 0.6015625 0.0125 0.0140625
2 0.7234375 0.58671875 0.0078125 0.0109375
2 0.7296875 0.60078125 0.0109375 0.0140625
2 0.75 0.5890625 0.0109375 0.0171875
2 0.759375 0.5609375 0.009375 0.0125
2 0.834375 0.64140625 0.0140625 0.0109375
2 0.86953125 0.59375 0.0109375 0.0171875
2 0.89765625 0.71484375 0.015625 0.0125
2 0.90859375 0.70234375 0.015625 0.0125
2 0.909375 0.68984375 0.015625 0.0109375
2 0.9234375 0.71484375 0.0140625 0.0109375
2 0.9234375 0.725 0.015625 0.0109375
2 0.925 0.7375 0.0078125 0.0109375
2 0.72421875 0.20546875 0.0125 0.021875
2 0.69609375 0.4390625 0.009375 0.0171875
2 0.64765625 0.45859375 0.0078125 0.0125
2 0.51953125 0.49765625 0.00625 0.0125
2 0.55859375 0.5234375 0.00625 0.0109375
2 0.5078125 0.546875 0.0078125 0.0125
2 0.47890625 0.50546875 0.00625 0.0140625
2 0.2984375 0.5 0.0078125 0.0140625
2 0.3109375 0.47265625 0.0078125 0.015625
2 0.23203125 0.43515625 0.0109375 0.015625
2 0.22890625 0.42421875 0.00625 0.0078125
2 0.2203125 0.378125 0.009375 0.0171875
2 0.09453125 0.32421875 0.0109375 0.0109375