0 0.015625 0.5265625 0.03125 0.0375
0 0.359375 0.609375 0.0578125 0.0421875
1 0.08984375 0.67734375 0.009375 0.03125
1 0.1140625 0.65078125 0.0109375 0.0375
1 0.125 0.6625 0.009375 0.0375
1 0.134375 0.653125 0.0078125 0.0359375
1 0.1421875 0.65234375 0.0078125 0.034375
1 0.15 0.65234375 0.009375 0.03125
1 0.17421875 0.6515625 0.0109375 0.03125
1 0.18359375 0.64921875 0.009375 0.0265625
1 0.20625 0.6375 0.0078125 0.03125
1 0.2140625 0.6359375 0.0078125 0.0296875
1 0.221875 0.63671875 0.0078125 0.0328125
1 0.2328125 0.6375 0.0078125 0.034375
1 0.23984375 0.63984375 0.0078125 0.0296875
1 0.25703125 0.64140625 0.0109375 0.0328125
1 0.2828125 0.64296875 0.009375 0.0296875
1 0.44296875 0.6328125 0.0078125 0.0265625
1 0.45078125 0.63203125 0.0078125 0.028125
1 0.4578125 0.63203125 0.0078125 0.028125
1 0.50390625 0.61328125 0.0078125 0.0359375
1 0.5046875 0.6453125 0.021875 0.0140625
1 0.5125 0.6125 0.0078125 0.03125
1 0.53671875 0.6140625 0.00625 0.0359375
1 0.54296875 0.615625 0.00625 0.034375
1 0.5484375 0.61484375 0.00625 0.0328125
1 0.63203125 0.61953125 0.0078125 0.0203125
1 0.62421875 0.6203125 0.00625 0.0203125
1 0.61484375 0.6234375 0.00625 0.0203125
1 0.65625 0.6046875 0.00625 0.021875
1 0.70625 0.61640625 0.0109375 0.0296875
1 0.7140625 0.61640625 0.009375 0.0296875
1 0.72890625 0.6125 0.0078125 0.0328125
1 0.73515625 0.61640625 0.0078125 0.03125
1 0.74375 0.60546875 0.009375 0.034375
1 0.75234375 0.60546875 0.0109375 0.0359375
1 0.7625 0.60234375 0.009375 0.03125
1 0.77421875 0.60234375 0.009375 0.03125
1 0.784375 0.6046875 0.009375 0.03125
1 0.7921875 0.62109375 0.009375 0.0328125
1 0.8015625 0.62265625 0.009375 0.034375
1 0.809375 0.6234375 0.009375 0.0359375
1 0.68984375 0.61171875 0.00625 0.01875
1 0.6828125 0.6140625 0.00625 0.0171875
1 0.9421875 0.66796875 0.0203125 0.0265625
1 0.83828125 0.5 0.0171875 0.015625
1 0.88203125 0.52578125 0.0203125 0.028125
1 0.6109375 0.434375 0.0078125 0.034375
1 0.60234375 0.43671875 0.009375 0.0359375
1 0.5921875 0.434375 0.009375 0.034375
1 0.58359375 0.43828125 0.0078125 0.0359375
1 0.553125 0.4390625 0.0078125 0.034375
1 0.546875 0.4328125 0.0078125 0.034375
1 0.540625 0.43515625 0.0078125 0.0328125
1 0.53359375 0.4359375 0.0078125 0.0328125
1 0.52734375 0.4375 0.00625 0.03125
1 0.51953125 0.4390625 0.0078125 0.03125
1 0.553125 0.49765625 0.0203125 0.015625
1 0.50703125 0.434375 0.009375 0.0328125
1 0.5 0.43671875 0.0078125 0.03125
1 0.49375 0.4359375 0.0078125 0.0328125
1 0.48671875 0.4359375 0.0078125 0.034375
1 0.4734375 0.53515625 0.01875 0.015625
1 0.46015625 0.4421875 0.009375 0.0328125
1 0.45 0.4421875 0.009375 0.0296875
1 0.4421875 0.4453125 0.0078125 0.03125
1 0.4109375 0.44296875 0.00625 0.03125
1 0.38984375 0.4453125 0.0078125 0.0359375
1 0.37890625 0.44765625 0.0078125 0.0359375
1 0.353125 0.45 0.009375 0.0328125
1 0.34140625 0.45234375 0.0078125 0.0328125
1 0.33359375 0.45390625 0.0078125 0.0234375
1 0.315625 0.45703125 0.0078125 0.0234375
1 0.30703125 0.4546875 0.00625 0.021875
1 0.2984375 0.45859375 0.0078125 0.028125
1 0.28515625 0.45859375 0.00625 0.03125
1 0.271875 0.45234375 0.0078125 0.0296875
1 0.27890625 0.44921875 0.0078125 0.0234375
1 0.10390625 0.17578125 0.0125 0.0390625
2 0.0890625 0.28359375 0.0140625 0.0125
2 0.0828125 0.31328125 0.0125 0.0125
2 0.07734375 0.3015625 0.00625 0.009375
2 0.08828125 0.30078125 0.0140625 0.0125
2 0.1515625 0.40703125 0.0140625 0.0109375
2 0.15078125 0.42109375 0.0140625 0.015625
2 0.0828125 0.35703125 0.0125 0.0140625
2 0.0796875 0.3734375 0.015625 0.0140625
2 0.06640625 0.38515625 0.015625 0.009375
2 0.05703125 0.36875 0.0125 0.0109375
2 0.034375 0.434375 0.015625 0.0140625
2 0.06640625 0.36328125 0.009375 0.0109375
2 0.0671875 0.375 0.009375 0.0078125
2 0.0390625 0.60078125 0.0171875 0.0125
2 0.01328125 0.57265625 0.0171875 0.0125
2 0.0453125 0.62734375 0.0140625 0.0109375
2 0.05078125 0.6375 0.015625 0.0125
2 0.09375 0.63046875 0.0140625 0.0125
2 0.09140625 0.60625 0.0171875 0.015625
2 0.14765625 0.61640625 0.015625 0.0125
2 0.1515625 0.5796875 0.009375 0.015625
2 0.1734375 0.61015625 0.015625 0.0125
2 0.17265625 0.59765625 0.0140625 0.0078125
2 0.17734375 0.58671875 0.0109375 0.009375
2 0.1921875 0.60546875 0.0109375 0.0125
2 0.19296875 0.59375 0.0109375 0.0109375
2 0.19453125 0.58125 0.0140625 0.0109375
2 0.21640625 0.57578125 0.0140625 0.0140625
2 0.2140625 0.5953125 0.0109375 0.0140625
2 0.21484375 0.6078125 0.0109375 0.0125
2 0.22578125 0.60546875 0.0125 0.0109375
2 0.2265625 0.59453125 0.009375 0.0109375
2 0.2375 0.60078125 0.0125 0.0109375
2 0.23671875 0.5890625 0.0109375 0.0109375
2 0.2484375 0.5921875 0.0109375 0.0109375
2 0.2484375 0.578125 0.0125 0.0109375
2 0.26953125 0.58515625 0.0078125 0.009375
2 0.26796875 0.575 0.009375 0.009375
2 0.30546875 0.58125 0.0140625 0.0140625
2 0.30625 0.56875 0.0125 0.0109375
2 0.375 0.5828125 0.00625 0.0109375
2 0.3828125 0.578125 0.0078125 0.009375
2 0.390625 0.57109375 0.0078125 0.0140625
2 0.4125 0.58359375 0.0109375 0.0109375
2 0.41171875 0.5734375 0.0078125 0.009375
2 0.4484375 0.6015625 0.00625 0.009375
2 0.4484375 0.590625 0.00625 0.009375
2 0.47890625 0.58203125 0.0078125 0.0109375
2 0.48203125 0.59609375 0.0078125 0.015625
2 0.49375 0.5921875 0.0046875 0.0125
2 0.496875 0.58125 0.00625 0.009375
2 0.50234375 0.57578125 0.00625 0.009375
2 0.5046875 0.590625 0.0078125 0.0109375
2 0.515625 0.5875 0.0109375 0.0140625
2 0.4984375 0.55859375 0.0078125 0.0171875
2 0.528125 0.55390625 0.0109375 0.0140625
2 0.5359375 0.578125 0.00625 0.0125
2 0.53671875 0.565625 0.009375 0.009375
2 0.55078125 0.5828125 0.009375 0.0125
2 0.559375 0.5921875 0.0078125 0.015625
2 0.5671875 0.578125 0.0125 0.0125
2 0.5796875 0.5828125 0.009375 0.0125
2 0.5875 0.596875 0.00625 0.0125
2 0.58125 0.56796875 0.0109375 0.0109375
2 0.59765625 0.5890625 0.009375 0.0140625
2 0.65234375 0.5546875 0.0140625 0.015625
2 0.64765625 0.58515625 0.009375 0.0140625
2 0.6203125 0.5921875 0.009375 0.0109375
2 0.6109375 0.58671875 0.009375 0.0109375
2 0.62265625 0.58046875 0.0109375 0.0109375
2 0.6203125 0.5640625 0.0109375 0.0109375
2 0.73828125 0.58125 0.00625 0.0125
2 0.753125 0.5734375 0.0125 0.0140625
2 0.7640625 0.58125 0.0109375 0.0109375
2 0.76171875 0.56640625 0.0109375 0.0125
2 0.7375 0.56640625 0.009375 0.0109375
2 0.80078125 0.5875 0.015625 0.0125
2 0.82734375 0.60625 0.0140625 0.0109375
2 0.8328125 0.5953125 0.0125 0.0109375
2 0.82109375 0.5890625 0.0109375 0.015625
2 0.9640625 0.59453125 0.0125 0.0109375
2 0.99375 0.715625 0.0109375 0.0140625
2 0.9890625 0.72890625 0.0171875 0.0140625
2 0.9796875 0.71640625 0.0171875 0.015625
2 0.98125 0.7 0.015625 0.0125
2 0.99453125 0.703125 0.0109375 0.015625
1 0.98984375 0.92109375 0.0078125 0.0390625
2 0.88359375 0.521875 0.0109375 0.0125
2 0.646875 0.38671875 0.009375 0.0109375
2 0.70234375 0.1921875 0.0140625 0.025
2 0.58671875 0.4640625 0.009375 0.0171875
2 0.56015625 0.4640625 0.0109375 0.015625
2 0.55390625 0.4984375 0.009375 0.0140625
2 0.48046875 0.46953125 0.0125 0.0171875
2 0.47890625 0.534375 0.0046875 0.015625
2 0.471875 0.53515625 0.0078125 0.0140625
2 0.33046875 0.478125 0.00625 0.015625
2 0.31015625 0.68359375 0.009375 0.0140625
2 0.3015625 0.675 0.009375 0.0109375
2 0.32734375 0.63515625 0.009375 0.0125
2 0.9453125 0.6671875 0.009375 0.0078125