2 0.046875 0.6546875 0.0171875 0.015625
1 0.10703125 0.71328125 0.0125 0.0328125
1 0.13046875 0.6859375 0.015625 0.0390625
1 0.1421875 0.69453125 0.015625 0.0421875
1 0.15078125 0.6859375 0.0125 0.034375
1 0.15859375 0.6828125 0.0109375 0.03125
1 0.165625 0.68203125 0.0109375 0.03125
1 0.18984375 0.68046875 0.0125 0.0328125
1 0.18125 0.6859375 0.0109375 0.03125
1 0.19921875 0.675 0.0125 0.028125
1 0.27109375 0.6625 0.015625 0.0359375
1 0.2546875 0.66484375 0.0109375 0.0359375
1 0.24609375 0.659375 0.0125 0.0328125
1 0.23515625 0.66015625 0.0125 0.034375
1 0.22734375 0.659375 0.0109375 0.0328125
1 0.21953125 0.6640625 0.0109375 0.0296875
1 0.296875 0.6625 0.0125 0.0328125
0 0.3703125 0.62265625 0.059375 0.04375
0 0.45703125 0.51875 0.05625 0.0421875
1 0.41953125 0.61796875 0.01875 0.028125
1 0.45546875 0.63828125 0.009375 0.028125
1 0.46328125 0.6359375 0.009375 0.028125
1 0.46953125 0.6375 0.009375 0.03125
1 0.51484375 0.61171875 0.0109375 0.0296875
1 0.52265625 0.609375 0.0109375 0.028125
1 0.51875 0.64375 0.021875 0.0125
1 0.54765625 0.6109375 0.009375 0.034375
1 0.553125 0.6109375 0.009375 0.034375
1 0.559375 0.6109375 0.009375 0.0359375
1 0.625 0.61328125 0.0078125 0.021875
1 0.6421875 0.60703125 0.009375 0.0203125
1 0.63359375 0.6078125 0.0109375 0.01875
1 0.684375 0.59375 0.0078125 0.021875
1 0.69921875 0.59375 0.0078125 0.0171875
1 0.715625 0.596875 0.0125 0.03125
1 0.72421875 0.59453125 0.0109375 0.0296875
1 0.7390625 0.59296875 0.0109375 0.0359375
1 0.74453125 0.59453125 0.0078125 0.0296875
1 0.7515625 0.58359375 0.009375 0.034375
1 0.7609375 0.58203125 0.0125 0.034375
1 0.771875 0.578125 0.0109375 0.03125
1 0.78203125 0.57890625 0.0125 0.0359375
1 0.81953125 0.5953125 0.0109375 0.0328125
1 0.81171875 0.59453125 0.0109375 0.0359375
1 0.80234375 0.5953125 0.0109375 0.03125
1 0.79296875 0.5765625 0.0109375 0.03125
1 1 0.6545100359375 0.99487558125 0.65846359375 0.9922831109375 0.6886340515625 0.9941753875 0.7425087203125 0.9980669875 0.748561046875 1 0.7491506453125 1 0.6545100359375
1 0.60625 0.4234375 0.0109375 0.0328125
1 0.596875 0.42890625 0.0140625 0.034375
1 0.58671875 0.42734375 0.0109375 0.03125
1 0.57734375 0.43125 0.0125 0.034375
1 0.54921875 0.4328125 0.0109375 0.0359375
1 0.54140625 0.4296875 0.009375 0.0328125
1 0.5359375 0.4328125 0.0109375 0.028125
1 0.528125 0.434375 0.009375 0.0296875
1 0.52265625 0.43515625 0.009375 0.03125
1 0.51484375 0.43828125 0.009375 0.028125
1 0.5015625 0.434375 0.009375 0.0328125
1 0.4953125 0.43828125 0.0109375 0.03125
1 0.4890625 0.43671875 0.0109375 0.034375
1 0.48125 0.4390625 0.0125 0.0359375
1 0.45546875 0.44375 0.009375 0.03125
1 0.44609375 0.446875 0.009375 0.03125
1 0.43828125 0.44921875 0.0109375 0.0328125
1 0.40703125 0.4515625 0.009375 0.03125
1 0.3875 0.45390625 0.009375 0.034375
1 0.375 0.45859375 0.0109375 0.0359375
1 0.35078125 0.4625 0.0109375 0.0328125
1 0.33828125 0.46953125 0.009375 0.028125
1 0.33046875 0.46953125 0.009375 0.0234375
1 0.3125 0.475 0.009375 0.025
1 0.30390625 0.4734375 0.0078125 0.021875
1 0.29609375 0.47734375 0.0109375 0.03125
1 0.28203125 0.4765625 0.009375 0.03125
1 0.26796875 0.4734375 0.0109375 0.03125
1 0.28671875 0.459375 0.009375 0.0359375
1 0.275 0.465625 0.0109375 0.0328125
1 0.37890625 0.5234375 0.021875 0.015625
1 0.33046875 0.53515625 0.021875 0.015625
1 0.2328125 0.55078125 0.0203125 0.0234375
1 0.1828125 0.5171875 0.0171875 0.0265625
1 0.1625 0.46015625 0.015625 0.03125
1 0.0734375 0.4 0.0296875 0.015625
2 0.0125 0.45234375 0.0171875 0.0125
2 0.01484375 0.43984375 0.0171875 0.0109375
2 0.01484375 0.4265625 0.0109375 0.0140625
2 0.05390625 0.675 0.01875 0.015625
2 0.084375 0.66484375 0.0171875 0.0140625
2 0.0625 0.63125 0.015625 0.0171875
2 0.109375 0.65078125 0.015625 0.015625
2 0.10625 0.61796875 0.0171875 0.0171875
2 0.17109375 0.63984375 0.0125 0.0125
2 0.1703125 0.62890625 0.0140625 0.0109375
2 0.1984375 0.64765625 0.009375 0.0140625
2 0.19921875 0.6296875 0.0125 0.0125
2 0.22265625 0.63984375 0.0125 0.0125
2 0.221875 0.62578125 0.0140625 0.0140625
2 0.23046875 0.609375 0.0140625 0.0140625
2 0.21328125 0.57578125 0.0109375 0.0171875
2 0.22734375 0.59765625 0.0140625 0.0125
2 0.25390625 0.625 0.0109375 0.0125
2 0.26015625 0.64140625 0.0109375 0.0109375
2 0.28203125 0.6359375 0.0140625 0.0125
2 0.2828125 0.6171875 0.0203125 0.0171875
2 0.31953125 0.6609375 0.0125 0.015625
2 0.3234375 0.65 0.0125 0.0109375
0 0.82734375 0.51796875 0.059375 0.059375
1 0.896875 0.575 0.01875 0.028125
2 0.0703125 0.39765625 0.0109375 0.015625
2 0.16171875 0.4578125 0.0109375 0.015625
2 0.2296875 0.5484375 0.0109375 0.0140625
2 0.18125 0.515625 0.0125 0.0203125
2 0.33359375 0.64375 0.0078125 0.0109375
2 0.3359375 0.65546875 0.009375 0.0125
2 0.41953125 0.61796875 0.009375 0.0140625
2 0.45703125 0.6171875 0.00625 0.0140625
2 0.45625 0.596875 0.00625 0.0125
2 0.446875 0.59609375 0.009375 0.0140625
2 0.43984375 0.584375 0.0078125 0.009375
2 0.43984375 0.57578125 0.00625 0.009375
2 0.44296875 0.56484375 0.0125 0.0140625
2 0.4578125 0.5828125 0.0078125 0.0109375
2 0.4640625 0.5921875 0.00625 0.0125
2 0.4703125 0.6046875 0.00625 0.0125
2 0.471875 0.59609375 0.00625 0.009375
2 0.478125 0.6046875 0.0078125 0.009375
2 0.48515625 0.61015625 0.0078125 0.0125
2 0.496875 0.60703125 0.00625 0.0109375
2 0.5078125 0.5921875 0.0078125 0.0109375
2 0.5046875 0.58125 0.0078125 0.0140625
2 0.51328125 0.575 0.0109375 0.015625
2 0.52421875 0.58046875 0.009375 0.0125
2 0.528125 0.56171875 0.0078125 0.015625
2 0.55859375 0.578125 0.0109375 0.0140625
2 0.57265625 0.58515625 0.0078125 0.0125
2 0.6015625 0.575 0.0078125 0.0125
2 0.6328125 0.565625 0.009375 0.0140625
2 0.6453125 0.57421875 0.009375 0.0140625
2 0.64609375 0.5515625 0.0140625 0.015625
2 0.65546875 0.5671875 0.009375 0.0109375
2 0.6625 0.5734375 0.009375 0.009375
2 0.68203125 0.57109375 0.009375 0.0125
2 0.67578125 0.55703125 0.0125 0.0140625
2 0.68515625 0.5546875 0.009375 0.0125
2 0.68671875 0.54296875 0.0109375 0.015625
2 0.69921875 0.51953125 0.009375 0.0140625
2 0.721875 0.57109375 0.0109375 0.0125
2 0.72109375 0.559375 0.009375 0.0109375
2 0.771875 0.5515625 0.0140625 0.0125
2 0.80703125 0.56640625 0.0140625 0.0140625
2 0.90078125 0.575 0.0109375 0.0171875
2 0.92421875 0.628125 0.015625 0.0140625
2 0.92265625 0.63671875 0.0140625 0.0125
2 0.934375 0.64921875 0.015625 0.0125
2 0.87265625 0.42265625 0.0171875 0.01875
2 0.675 0.175 0.015625 0.0234375
2 0.62890625 0.340625 0.0078125 0.015625
2 0.634375 0.346875 0.00625 0.0109375
2 0.5828125 0.45625 0.009375 0.0140625
2 0.36640625 0.4625 0.0125 0.015625
2 0.36875 0.48359375 0.0109375 0.0171875
2 0.359375 0.48984375 0.0109375 0.0171875
2 0.35546875 0.47890625 0.0078125 0.009375
1 0.19609375 0.44140625 0.021875 0.0140625
2 0.19609375 0.4421875 0.009375 0.0171875