0 0.35703125 0.39375 0.05546875 0.03671875
0 0.22421875 0.54453125 0.046875 0.0890625
1 0.14140625 0.515625 0.02109375 0.02578125
1 0.1125 0.36171875 0.009375 0.034375
1 0.12109375 0.35078125 0.00859375 0.0359375
1 0.1296875 0.359375 0.00703125 0.03203125
1 0.13984375 0.36015625 0.00703125 0.03046875
1 0.14765625 0.3609375 0.00625 0.03046875
1 0.16953125 0.35625 0.01015625 0.03359375
1 0.1828125 0.36015625 0.0078125 0.03046875
1 0.203125 0.3703125 0.0078125 0.03125
1 0.21171875 0.37421875 0.0078125 0.0296875
1 0.21953125 0.37109375 0.00859375 0.03359375
1 0.22890625 0.37109375 0.00859375 0.0359375
1 0.23828125 0.3671875 0.00859375 0.0359375
1 0.25390625 0.3640625 0.0109375 0.03359375
1 0.28046875 0.36328125 0.0078125 0.0296875
1 0.1859375 0.53359375 0.0171875 0.03203125
1 0.26171875 0.46796875 0.01875 0.0171875
1 0.2734375 0.5546875 0.00859375 0.0328125
1 0.28125 0.5625 0.00625 0.03203125
1 0.2875 0.54765625 0.00703125 0.0328125
1 0.29375 0.5625 0.00546875 0.03515625
1 0.35625 0.5546875 0.0078125 0.0328125
1 0.3453125 0.5515625 0.0078125 0.0328125
1 0.33671875 0.55 0.00625 0.025
1 0.31796875 0.54765625 0.00703125 0.0265625
1 0.3109375 0.54921875 0.00703125 0.02265625
1 0.3015625 0.54921875 0.0078125 0.025
1 0.38125 0.55546875 0.00703125 0.03515625
1 0.39375 0.55625 0.00703125 0.0359375
1 0.4453125 0.55546875 0.00703125 0.034375
1 0.41484375 0.55625 0.00546875 0.02734375
1 0.45390625 0.5578125 0.00703125 0.02890625
1 0.4640625 0.55859375 0.00703125 0.0328125
1 0.48828125 0.5609375 0.0078125 0.0328125
1 0.496875 0.56328125 0.00625 0.03203125
1 0.503125 0.56171875 0.00625 0.03125
1 0.51015625 0.56328125 0.00703125 0.03359375
1 0.521875 0.55859375 0.00625 0.03203125
1 0.53046875 0.5609375 0.00625 0.0328125
1 0.5375 0.55859375 0.0046875 0.0296875
1 0.54375 0.5609375 0.00625 0.03125
1 0.55078125 0.56484375 0.00625 0.0328125
1 0.55625 0.5578125 0.00703125 0.0328125
1 0.5859375 0.5578125 0.00703125 0.03515625
1 0.5953125 0.5578125 0.00703125 0.02890625
1 0.60546875 0.55859375 0.0078125 0.03203125
1 0.61484375 0.56015625 0.0078125 0.034375
1 0.80625 0.36484375 0.00703125 0.03046875
1 0.7984375 0.36796875 0.0078125 0.0328125
1 0.7890625 0.36796875 0.0078125 0.03203125
1 0.78125 0.3859375 0.0078125 0.03125
1 0.771875 0.3875 0.00703125 0.03203125
1 0.76015625 0.38671875 0.0078125 0.03203125
1 0.75 0.3875 0.009375 0.03046875
1 0.740625 0.3859375 0.0078125 0.03125
1 0.7328125 0.37421875 0.00625 0.03125
1 0.7265625 0.3796875 0.00703125 0.0328125
1 0.7109375 0.37578125 0.0078125 0.03359375
1 0.703125 0.37578125 0.00859375 0.03125
1 0.68671875 0.38203125 0.00625 0.015625
1 0.6796875 0.3796875 0.00625 0.01640625
1 0.67265625 0.3828125 0.00703125 0.0203125
1 0.65390625 0.3890625 0.00546875 0.02265625
1 0.6296875 0.375 0.0078125 0.02109375
1 0.6203125 0.375 0.00859375 0.02109375
1 0.61171875 0.37265625 0.00625 0.0171875
1 0.546875 0.38359375 0.00625 0.0328125
1 0.540625 0.38203125 0.00546875 0.03359375
1 0.534375 0.38203125 0.00625 0.03671875
1 0.50078125 0.353125 0.0203125 0.01171875
1 0.51015625 0.384375 0.00703125 0.0296875
1 0.50078125 0.3859375 0.009375 0.03125
1 0.4546875 0.36953125 0.00703125 0.03203125
1 0.446875 0.36796875 0.00625 0.03046875
1 0.4390625 0.3671875 0.00703125 0.02421875
1 0.40546875 0.390625 0.0171875 0.02421875
1 0.38515625 0.46328125 0.01953125 0.01484375
1 0.46171875 0.45390625 0.01953125 0.01484375
1 0.51640625 0.45703125 0.01875 0.015625
1 0.5984375 0.4625 0.01953125 0.0171875
1 0.728125 0.453125 0.02109375 0.015625
1 0.95546875 0.48671875 0.0203125 0.015625
2 0.0671875 0.7484375 0.01328125 0.0171875
2 0.09140625 0.64375 0.01328125 0.01328125
2 0.09140625 0.65859375 0.01484375 0.0125
2 0.09609375 0.7296875 0.015625 0.01328125
2 0.08984375 0.740625 0.009375 0.0109375
2 0.096875 0.74765625 0.0140625 0.01328125
2 0.11796875 0.690625 0.01015625 0.0109375
2 0.128125 0.67421875 0.015625 0.01328125
2 0.06328125 0.52109375 0.01328125 0.015625
2 0.01484375 0.40859375 0.01640625 0.0125
2 0.015625 0.4203125 0.01640625 0.0078125
2 0.03828125 0.41796875 0.0171875 0.01171875
2 0.04140625 0.40546875 0.01796875 0.015625
2 0.0453125 0.38828125 0.01484375 0.01328125
2 0.04375 0.37265625 0.01328125 0.015625
2 0.06015625 0.38671875 0.0109375 0.0109375
2 0.06640625 0.40234375 0.01796875 0.01640625
1 0.0859375 0.33515625 0.009375 0.03125
2 0.11328125 0.40078125 0.0125 0.0125
2 0.1203125 0.38671875 0.01484375 0.01171875
2 0.13828125 0.39453125 0.01484375 0.01328125
2 0.13828125 0.4109375 0.0140625 0.01875
2 0.171875 0.39453125 0.01328125 0.01328125
2 0.1859375 0.39453125 0.0109375 0.01328125
2 0.18671875 0.41015625 0.0125 0.01328125
2 0.2234375 0.4359375 0.0125 0.01484375
2 0.2609375 0.39765625 0.01171875 0.01171875
2 0.2609375 0.38515625 0.0109375 0.00859375
2 0.26328125 0.41015625 0.01484375 0.01171875
2 0.2765625 0.440625 0.01171875 0.01484375
2 0.2984375 0.3921875 0.0109375 0.015625
2 0.2890625 0.36796875 0.0046875 0.009375
2 0.2953125 0.37421875 0.01015625 0.01328125
2 0.309375 0.3734375 0.0078125 0.01328125
2 0.31953125 0.41328125 0.0109375 0.0109375
2 0.31875 0.42734375 0.00859375 0.01171875
2 0.32109375 0.43828125 0.0078125 0.00859375
1 0.32421875 0.45859375 0.01796875 0.01484375
2 0.33359375 0.41796875 0.01015625 0.01015625
2 0.334375 0.42890625 0.00859375 0.01015625
2 0.3484375 0.4234375 0.0078125 0.015625
2 0.3578125 0.43203125 0.00625 0.0109375
2 0.36328125 0.44765625 0.00859375 0.01484375
2 0.30234375 0.53203125 0.01015625 0.01328125
2 0.38125 0.53046875 0.00859375 0.01171875
2 0.36875 0.43125 0.00859375 0.009375
2 0.38671875 0.428125 0.0078125 0.01171875
2 0.40703125 0.425 0.0078125 0.01171875
2 0.43203125 0.403125 0.0078125 0.0140625
2 0.44765625 0.3921875 0.009375 0.01484375
2 0.39609375 0.36953125 0.00625 0.01328125
2 0.40390625 0.36875 0.00703125 0.0140625
2 0.4703125 0.4 0.0109375 0.015625
2 0.49453125 0.40859375 0.009375 0.0125
2 0.50703125 0.42890625 0.00859375 0.01171875
2 0.5109375 0.41484375 0.00859375 0.0140625
2 0.51796875 0.4015625 0.0078125 0.01171875
2 0.5265625 0.40703125 0.0046875 0.0109375
2 0.5359375 0.409375 0.00703125 0.0109375
2 0.54296875 0.42578125 0.01171875 0.01171875
2 0.55390625 0.4046875 0.00703125 0.01171875
2 0.56171875 0.39140625 0.009375 0.015625
2 0.56875 0.4078125 0.009375 0.0140625
2 0.56015625 0.41484375 0.0078125 0.0140625
2 0.5828125 0.43046875 0.00625 0.01328125
2 0.59140625 0.42890625 0.00703125 0.0140625
2 0.6421875 0.4078125 0.00859375 0.01484375
2 0.64375 0.4390625 0.009375 0.015625
2 0.66171875 0.4390625 0.0125 0.015625
2 0.68046875 0.42109375 0.01171875 0.01640625
2 0.68203125 0.40546875 0.0109375 0.0109375
2 0.7859375 0.40859375 0.01484375 0.01171875
2 0.80625 0.41640625 0.01484375 0.0078125
2 0.8046875 0.4046875 0.01328125 0.01171875
2 0.8171875 0.39140625 0.01171875 0.0109375
2 0.82734375 0.38046875 0.01484375 0.01015625
2 0.84375 0.3375 0.0125 0.0171875
2 0.83828125 0.365625 0.01328125 0.01015625
2 0.840625 0.38046875 0.01015625 0.01171875
2 0.8484375 0.38359375 0.00625 0.0109375
2 0.87109375 0.359375 0.0125 0.01171875
2 0.8703125 0.3390625 0.01015625 0.01171875
2 0.88046875 0.33515625 0.0078125 0.01328125
2 0.890625 0.33359375 0.0109375 0.01328125
2 0.89140625 0.31640625 0.0140625 0.01484375
2 0.88359375 0.30859375 0.0140625 0.01484375
2 0.73046875 0.453125 0.0078125 0.0140625
2 0.59921875 0.4609375 0.00859375 0.0125
2 0.51640625 0.45703125 0.00703125 0.01328125
2 0.60625 0.46171875 0.0046875 0.01171875
2 0.46171875 0.45390625 0.0078125 0.01171875
2 0.18515625 0.5359375 0.01015625 0.0171875
2 0.13828125 0.5171875 0.0078125 0.01640625
2 0.421875 0.5609375 0.00703125 0.01328125
2 0.43203125 0.54296875 0.0078125 0.01171875
2 0.4234375 0.5375 0.00703125 0.01328125
2 0.403125 0.53046875 0.00703125 0.009375
2 0.41171875 0.53828125 0.01015625 0.009375
2 0.44765625 0.52578125 0.00859375 0.009375
2 0.7109375 0.5359375 0.00859375 0.01640625
2 0.71328125 0.79921875 0.01328125 0.02421875
2 0.975 0.07265625 0.01328125 0.01640625
2 0.4046875 0.390625 0.009375 0.0171875
2 0.959375 0.4875 0.0109375 0.01328125