0 0.65546875 0.59375 0.0609375 0.0453125
1 0.93125 0.621875 0.0125 0.0328125
1 0.90234375 0.59921875 0.015625 0.0390625
1 0.89375 0.6078125 0.0125 0.034375
1 0.88359375 0.6015625 0.0109375 0.03125
1 0.875 0.60078125 0.009375 0.0296875
1 0.8671875 0.60078125 0.009375 0.028125
1 0.84375 0.60703125 0.0125 0.0359375
1 0.8328125 0.60390625 0.0109375 0.028125
1 0.8109375 0.5984375 0.0109375 0.0296875
1 0.8015625 0.5953125 0.009375 0.0296875
1 0.79453125 0.59765625 0.0109375 0.0328125
1 0.7828125 0.6 0.009375 0.0328125
1 0.77578125 0.6046875 0.009375 0.0296875
1 0.759375 0.60859375 0.0125 0.034375
1 0.73515625 0.61171875 0.009375 0.0296875
1 0.7359375 0.7546875 0.0109375 0.0328125
1 0.575 0.62578125 0.0078125 0.021875
1 0.56640625 0.625 0.0078125 0.025
1 0.559375 0.6265625 0.009375 0.0328125
1 0.51484375 0.64609375 0.0203125 0.0140625
1 0.51171875 0.6140625 0.0109375 0.0328125
1 0.503125 0.61484375 0.0109375 0.03125
1 0.4796875 0.62109375 0.009375 0.034375
1 0.4734375 0.62109375 0.0078125 0.03125
1 0.4671875 0.6203125 0.009375 0.03125
1 0.40390625 0.6390625 0.0078125 0.01875
1 0.3953125 0.6390625 0.0078125 0.0171875
1 0.3859375 0.6375 0.0078125 0.01875
1 0.36015625 0.62578125 0.00625 0.021875
1 0.2109375 0.6671875 0.0109375 0.0328125
1 0.21796875 0.66328125 0.0109375 0.034375
1 0.22734375 0.66328125 0.009375 0.0328125
1 0.2328125 0.64375 0.0109375 0.0296875
1 0.2421875 0.640625 0.0109375 0.03125
1 0.2546875 0.63984375 0.009375 0.0328125
1 0.2640625 0.640625 0.0125 0.034375
1 0.2734375 0.6390625 0.009375 0.0328125
1 0.28359375 0.65 0.009375 0.03125
1 0.2890625 0.64453125 0.009375 0.0328125
1 0.30390625 0.64453125 0.0109375 0.0296875
1 0.31171875 0.64453125 0.0125 0.03125
2 0.2421875 0.61875 0.0140625 0.0125
2 0.2375 0.60390625 0.0125 0.0140625
2 0.2265625 0.61640625 0.0140625 0.0140625
2 0.2171875 0.628125 0.009375 0.0125
2 0.215625 0.6125 0.0125 0.0109375
1 0.32734375 0.6375 0.0078125 0.015625
1 0.334375 0.6390625 0.00625 0.0140625
1 0.0609375 0.69375 0.0171875 0.0328125
1 0.1625 0.553125 0.021875 0.0125
1 0.38203125 0.4515625 0.009375 0.0328125
1 0.3890625 0.453125 0.0109375 0.0328125
1 0.39921875 0.44921875 0.0109375 0.034375
1 0.409375 0.4515625 0.009375 0.0359375
1 0.4390625 0.4484375 0.0109375 0.03125
1 0.44453125 0.44140625 0.009375 0.0328125
1 0.45078125 0.44140625 0.009375 0.0328125
1 0.4578125 0.44296875 0.009375 0.034375
1 0.4640625 0.4421875 0.009375 0.0328125
1 0.471875 0.44375 0.009375 0.03125
1 0.48359375 0.4375 0.0109375 0.0328125
1 0.49140625 0.43984375 0.009375 0.03125
1 0.49765625 0.4375 0.009375 0.0328125
1 0.5046875 0.4375 0.009375 0.03125
1 0.53125 0.4375 0.0078125 0.028125
1 0.540625 0.43671875 0.009375 0.028125
1 0.55 0.43828125 0.009375 0.0296875
1 0.58046875 0.43359375 0.0078125 0.028125
1 0.60078125 0.43125 0.009375 0.0328125
1 0.61328125 0.43203125 0.009375 0.0328125
1 0.63828125 0.42890625 0.009375 0.0296875
1 0.65 0.4328125 0.009375 0.0296875
1 0.6578125 0.4328125 0.0078125 0.0234375
1 0.6765625 0.43359375 0.009375 0.0234375
1 0.684375 0.43125 0.0078125 0.0203125
1 0.69296875 0.4328125 0.0109375 0.0296875
1 0.69921875 0.4109375 0.0078125 0.0296875
1 0.70703125 0.43046875 0.009375 0.03125
1 0.71171875 0.4171875 0.0109375 0.03125
1 0.71953125 0.42265625 0.009375 0.03125
1 0.809375 0.340625 0.0109375 0.0359375
1 0.8453125 0.12578125 0.0109375 0.0390625
1 0.675 0.51875 0.021875 0.015625
2 0.08671875 0.74765625 0.0140625 0.0171875
2 0.05859375 0.69453125 0.0109375 0.0171875
1 0.06953125 0.565625 0.0171875 0.0140625
2 0.06484375 0.565625 0.0078125 0.0125
2 0.1578125 0.55390625 0.0078125 0.0140625
2 0.153125 0.71875 0.015625 0.009375
2 0.14375 0.71171875 0.0125 0.0140625
2 0.18671875 0.67890625 0.0140625 0.0140625
2 0.171875 0.671875 0.0109375 0.0140625
2 0.32890625 0.609375 0.0109375 0.0125
2 0.3375 0.5890625 0.0109375 0.0109375
2 0.3609375 0.60390625 0.0109375 0.0109375
2 0.359375 0.59296875 0.0109375 0.0125
2 0.37109375 0.60078125 0.009375 0.0109375
2 0.38359375 0.609375 0.0109375 0.0125
2 0.3953125 0.61171875 0.009375 0.009375
2 0.3984375 0.59375 0.009375 0.0125
2 0.39453125 0.58125 0.0125 0.0125
2 0.41171875 0.5921875 0.0109375 0.0140625
2 0.42109375 0.60703125 0.0078125 0.0140625
2 0.428125 0.6 0.0078125 0.0109375
2 0.41640625 0.5609375 0.0109375 0.0140625
2 0.44453125 0.5828125 0.009375 0.0140625
2 0.44375 0.56875 0.009375 0.0140625
2 0.46171875 0.5953125 0.009375 0.0125
2 0.47421875 0.59765625 0.00625 0.0109375
2 0.47109375 0.584375 0.0078125 0.0125
2 0.48671875 0.59453125 0.00625 0.0140625
2 0.49765625 0.59453125 0.0109375 0.0140625
2 0.49609375 0.578125 0.0109375 0.0140625
2 0.48046875 0.58515625 0.009375 0.0125
2 0.52734375 0.5984375 0.009375 0.0125
2 0.52890625 0.58671875 0.009375 0.0125
2 0.5265625 0.56484375 0.0078125 0.0109375
2 0.5671875 0.59140625 0.0078125 0.009375
2 0.5640625 0.58203125 0.009375 0.009375
2 0.5578125 0.55703125 0.0109375 0.0125
2 0.58203125 0.57265625 0.0078125 0.0125
2 0.5859375 0.59453125 0.0078125 0.0125
2 0.58671875 0.60703125 0.0125 0.0140625
2 0.62734375 0.53046875 0.009375 0.015625
2 0.63359375 0.5296875 0.0078125 0.0109375
2 0.62578125 0.4609375 0.009375 0.0125
2 0.53125 0.4640625 0.0078125 0.0109375
2 0.475 0.46640625 0.0109375 0.0140625
2 0.46796875 0.4796875 0.0125 0.0140625
2 0.45078125 0.4703125 0.0109375 0.0140625
2 0.05234375 0.83125 0.0140625 0.0125
2 0.66796875 0.55859375 0.0125 0.0125
2 0.66640625 0.546875 0.009375 0.0125
2 0.7109375 0.5578125 0.009375 0.009375
2 0.709375 0.54765625 0.0109375 0.0109375
2 0.9921875 0.59296875 0.015625 0.0140625
2 0.92890625 0.5734375 0.0140625 0.0109375
2 0.9328125 0.5640625 0.0140625 0.0125
2 0.915625 0.53359375 0.0125 0.0125
2 0.9609375 0.44453125 0.0171875 0.0140625
2 0.9046875 0.5453125 0.0140625 0.0140625
2 0.8765625 0.55625 0.0140625 0.0140625
2 0.87421875 0.57578125 0.015625 0.0140625
2 0.8359375 0.565625 0.0125 0.0109375
2 0.81015625 0.5640625 0.0140625 0.0109375
2 0.81015625 0.5515625 0.0140625 0.0125
2 0.796875 0.54375 0.0140625 0.0125
2 0.78671875 0.55234375 0.0109375 0.0109375
2 0.78671875 0.5640625 0.0109375 0.0125
2 0.78515625 0.54140625 0.0109375 0.0109375
1 0.746875 0.57734375 0.021875 0.0203125
2 0.74921875 0.57578125 0.009375 0.0171875
2 0.76640625 0.56640625 0.0125 0.0109375
2 0.76875 0.55546875 0.0109375 0.0125
2 0.75625 0.56015625 0.0109375 0.009375
2 0.7546875 0.55 0.009375 0.0109375
2 0.74453125 0.559375 0.009375 0.0109375
2 0.73046875 0.5609375 0.0125 0.0109375
2 0.7421875 0.546875 0.0125 0.0109375
2 0.728125 0.5484375 0.009375 0.0125
2 0.7421875 0.5296875 0.0109375 0.0140625
2 0.671875 0.51796875 0.0078125 0.0109375
2 0.25625 0.225 0.015625 0.0203125
2 0.88984375 0.04921875 0.0140625 0.021875
2 0.89765625 0.0546875 0.015625 0.0203125
2 0.84609375 0.23046875 0.0140625 0.0171875
2 0.9203125 0.33828125 0.0140625 0.0125
2 0.88125 0.28359375 0.0125 0.0125
2 0.8875 0.25859375 0.015625 0.0171875
2 0.87890625 0.24609375 0.0140625 0.015625
2 0.86953125 0.284375 0.0171875 0.0140625
2 0.92734375 0.3203125 0.015625 0.0125
2 0.940625 0.31796875 0.0109375 0.0078125
2 0.9359375 0.32734375 0.0234375 0.0125
2 0.79453125 0.39296875 0.015625 0.01875
2 0.7875 0.38046875 0.0140625 0.0109375