0 0.659375 0.5796875 0.0609375 0.0453125
0 0.7640625 0.40859375 0.0609375 0.0953125
1 0.85078125 0.42265625 0.025 0.0296875
1 0.90546875 0.56875 0.015625 0.0359375
1 0.89921875 0.58125 0.0140625 0.0375
1 0.8890625 0.57421875 0.0125 0.0328125
1 0.87890625 0.575 0.0125 0.03125
1 0.87109375 0.57578125 0.0109375 0.03125
1 0.85078125 0.584375 0.015625 0.034375
1 0.83671875 0.5828125 0.0125 0.03125
1 0.81484375 0.57578125 0.0125 0.0328125
1 0.80546875 0.5734375 0.0125 0.03125
1 0.7984375 0.578125 0.0140625 0.034375
1 0.7890625 0.5796875 0.0140625 0.0375
1 0.78046875 0.58515625 0.0140625 0.0375
1 0.765625 0.59140625 0.0171875 0.034375
1 0.73984375 0.596875 0.0125 0.03125
1 0.803125 0.4125 0.021875 0.034375
1 0.73984375 0.48984375 0.021875 0.0203125
1 0.71328125 0.40703125 0.0140625 0.034375
1 0.7046875 0.40078125 0.0109375 0.0328125
1 0.70078125 0.41640625 0.0125 0.0328125
1 0.6921875 0.40234375 0.0109375 0.0359375
1 0.63203125 0.42109375 0.0140625 0.034375
1 0.64375 0.42265625 0.0140625 0.034375
1 0.65234375 0.42265625 0.0109375 0.025
1 0.67109375 0.42109375 0.0109375 0.028125
1 0.67734375 0.41875 0.0109375 0.0234375
1 0.68671875 0.4171875 0.0125 0.0265625
1 0.60703125 0.425 0.0125 0.0359375
1 0.59453125 0.42578125 0.0125 0.0359375
1 0.54453125 0.4359375 0.0125 0.034375
1 0.57421875 0.4296875 0.009375 0.028125
1 0.53515625 0.43515625 0.0125 0.0296875
1 0.525 0.4359375 0.0125 0.0328125
1 0.50078125 0.43828125 0.0140625 0.034375
1 0.4921875 0.4375 0.0109375 0.0328125
1 0.4859375 0.43984375 0.0109375 0.03125
1 0.47890625 0.4390625 0.0125 0.034375
1 0.46796875 0.44609375 0.0109375 0.0328125
1 0.459375 0.4453125 0.0125 0.0328125
1 0.453125 0.4484375 0.009375 0.0296875
1 0.44609375 0.44765625 0.0109375 0.03125
1 0.4390625 0.4453125 0.0125 0.0328125
1 0.434375 0.453125 0.0125 0.0328125
1 0.40546875 0.4578125 0.0125 0.0359375
1 0.39609375 0.459375 0.0125 0.0296875
1 0.3859375 0.4609375 0.0125 0.0328125
1 0.3765625 0.4609375 0.0140625 0.0359375
1 0.221875 0.6859375 0.0125 0.03125
1 0.22890625 0.68203125 0.0140625 0.034375
1 0.23828125 0.68046875 0.0125 0.0328125
1 0.24296875 0.6609375 0.0125 0.0328125
1 0.2515625 0.6578125 0.0125 0.0328125
1 0.26328125 0.65703125 0.0125 0.0328125
1 0.2734375 0.65390625 0.0140625 0.03125
1 0.2828125 0.65390625 0.0125 0.0328125
1 0.2921875 0.6640625 0.0109375 0.03125
1 0.29765625 0.6578125 0.0125 0.0328125
1 0.3140625 0.65859375 0.0140625 0.034375
1 0.321875 0.6578125 0.0140625 0.0328125
1 0.33671875 0.6484375 0.009375 0.0171875
1 0.34375 0.65 0.009375 0.0171875
1 0.35 0.6453125 0.0109375 0.021875
1 0.36796875 0.6359375 0.009375 0.0234375
1 0.39375 0.6453125 0.0109375 0.021875
1 0.403125 0.64375 0.0125 0.021875
1 0.41171875 0.64453125 0.009375 0.01875
1 0.47421875 0.62265625 0.0125 0.0328125
1 0.48046875 0.6234375 0.0109375 0.034375
1 0.48671875 0.621875 0.0125 0.0375
1 0.525 0.64453125 0.021875 0.015625
1 0.51015625 0.615625 0.0125 0.0296875
1 0.51875 0.6125 0.0140625 0.0328125
1 0.5671875 0.6203125 0.0125 0.0328125
1 0.575 0.62109375 0.0109375 0.03125
1 0.5828125 0.6203125 0.0109375 0.025
1 0.61171875 0.59140625 0.021875 0.0265625
1 0.61953125 0.51640625 0.021875 0.01875
1 0.54609375 0.5390625 0.021875 0.01875
1 0.49140625 0.5453125 0.021875 0.01875
1 0.409375 0.55390625 0.021875 0.0203125
1 0.28359375 0.5859375 0.0234375 0.01875
1 0.05390625 0.5921875 0.0234375 0.01875
2 0.8828125 0.18046875 0.015625 0.01875
2 0.87734375 0.2875 0.015625 0.015625
2 0.875 0.27265625 0.0171875 0.015625
2 0.8578125 0.20390625 0.0171875 0.015625
2 0.8625 0.1921875 0.0109375 0.0125
2 0.85390625 0.1859375 0.015625 0.015625
2 0.84296875 0.24609375 0.0125 0.0125
2 0.8359375 0.2640625 0.0171875 0.015625
2 0.9265625 0.403125 0.015625 0.0171875
2 0.9921875 0.5046875 0.015625 0.015625
2 0.990625 0.49453125 0.0171875 0.0109375
2 0.96875 0.50078125 0.01875 0.0140625
2 0.96796875 0.51328125 0.0203125 0.01875
2 0.9671875 0.53125 0.0171875 0.015625
2 0.97109375 0.54609375 0.015625 0.0171875
2 0.953125 0.53515625 0.0125 0.0125
2 0.94375 0.52109375 0.0203125 0.01875
1 0.93671875 0.590625 0.0140625 0.0328125
2 0.8984375 0.53046875 0.0140625 0.0140625
2 0.89375 0.5453125 0.0171875 0.0140625
2 0.87421875 0.54140625 0.0171875 0.015625
2 0.871875 0.525 0.0171875 0.0203125
2 0.84140625 0.546875 0.015625 0.015625
2 0.82734375 0.54921875 0.0125 0.015625
2 0.82421875 0.534375 0.0140625 0.015625
2 0.78359375 0.51484375 0.015625 0.0171875
2 0.753125 0.559375 0.0140625 0.0140625
2 0.75546875 0.571875 0.0125 0.0109375
2 0.7484375 0.54765625 0.0171875 0.0140625
2 0.73046875 0.51953125 0.0140625 0.0171875
2 0.7171875 0.57109375 0.0140625 0.0171875
2 0.73046875 0.59375 0.00625 0.009375
2 0.7234375 0.58828125 0.0125 0.0140625
2 0.709375 0.59140625 0.009375 0.0140625
2 0.69296875 0.55390625 0.0125 0.0125
2 0.69140625 0.53984375 0.0109375 0.0125
2 0.68671875 0.5296875 0.009375 0.009375
1 0.68046875 0.51015625 0.0203125 0.0171875
2 0.678125 0.5515625 0.0125 0.0125
2 0.67578125 0.54140625 0.0109375 0.0109375
2 0.6625 0.54921875 0.0109375 0.0171875
2 0.6515625 0.5421875 0.0078125 0.0125
2 0.64375 0.528125 0.0109375 0.015625
2 0.6890625 0.434375 0.0125 0.0140625
2 0.61171875 0.44921875 0.0109375 0.0125
2 0.64140625 0.54453125 0.009375 0.0109375
2 0.62421875 0.55078125 0.009375 0.0125
2 0.6046875 0.5578125 0.009375 0.0125
2 0.58359375 0.58359375 0.009375 0.015625
2 0.5703125 0.596875 0.0125 0.015625
2 0.625 0.61015625 0.0078125 0.0140625
2 0.6171875 0.6125 0.009375 0.015625
2 0.546875 0.59296875 0.0140625 0.0171875
2 0.52109375 0.5890625 0.0109375 0.0140625
2 0.50546875 0.57109375 0.0109375 0.0125
2 0.50390625 0.5859375 0.0109375 0.015625
2 0.49921875 0.6 0.009375 0.0125
2 0.48984375 0.59609375 0.00625 0.0109375
2 0.48046875 0.5953125 0.009375 0.0125
2 0.4703125 0.58046875 0.0140625 0.0140625
2 0.46328125 0.603125 0.009375 0.0125
2 0.4578125 0.61796875 0.0125 0.0171875
2 0.4484375 0.60234375 0.0109375 0.015625
2 0.45546875 0.59453125 0.009375 0.015625
2 0.43046875 0.5828125 0.0078125 0.0140625
2 0.42265625 0.5859375 0.009375 0.015625
2 0.37578125 0.615625 0.0109375 0.015625
2 0.36875 0.58515625 0.0125 0.0171875
2 0.3515625 0.58828125 0.015625 0.0171875
2 0.3359375 0.609375 0.0140625 0.01875
2 0.3375 0.625 0.0125 0.0125
2 0.234375 0.63984375 0.0171875 0.0140625
2 0.21328125 0.63515625 0.015625 0.0109375
2 0.21640625 0.646875 0.015625 0.0140625
2 0.20625 0.66171875 0.0140625 0.0125
2 0.1984375 0.67421875 0.015625 0.0125
2 0.18984375 0.71953125 0.015625 0.01875
2 0.18984375 0.69140625 0.0140625 0.0125
2 0.18515625 0.6765625 0.0125 0.0140625
2 0.17734375 0.675 0.0078125 0.0125
2 0.15859375 0.703125 0.0140625 0.0140625
2 0.16328125 0.72265625 0.0125 0.0140625
2 0.15390625 0.728125 0.009375 0.0140625
2 0.14453125 0.73203125 0.0125 0.015625
2 0.14609375 0.7484375 0.0171875 0.0171875
2 0.15546875 0.75546875 0.0171875 0.0171875
2 0.28125 0.5859375 0.009375 0.015625
2 0.409375 0.55546875 0.0109375 0.0140625
2 0.49140625 0.5453125 0.009375 0.0140625
2 0.40234375 0.55625 0.00625 0.0125
2 0.54609375 0.5390625 0.009375 0.0125
2 0.80390625 0.41015625 0.0125 0.01875
2 0.853125 0.4203125 0.0109375 0.0171875
2 0.56640625 0.4265625 0.009375 0.0140625
2 0.559375 0.44609375 0.009375 0.0125
2 0.56875 0.45 0.009375 0.0140625
2 0.58984375 0.453125 0.0078125 0.0109375
2 0.58046875 0.446875 0.0109375 0.0109375
2 0.546875 0.465625 0.009375 0.0109375
2 0.2859375 0.5015625 0.0109375 0.0171875
2 0.23828125 0.2421875 0.0171875 0.0265625
2 0.10625 0.996875 0.015625 0.00625
2 0.6125 0.59140625 0.0125 0.01875
2 0.05 0.5921875 0.0125 0.015625