0 0.3859375 0.3609375 0.0640625 0.05
1 0.13671875 0.240625 0.015625 0.0328125
1 0.15546875 0.26953125 0.0234375 0.0421875
1 0.1671875 0.2640625 0.0171875 0.0359375
1 0.17421875 0.275 0.0140625 0.0328125
1 0.1828125 0.278125 0.0140625 0.03125
1 0.18984375 0.28046875 0.0125 0.0296875
1 0.21328125 0.284375 0.0171875 0.03125
1 0.22265625 0.2890625 0.0140625 0.028125
1 0.29296875 0.31171875 0.01875 0.0359375
1 0.31796875 0.31328125 0.015625 0.0296875
1 0.2765625 0.31015625 0.0140625 0.03125
1 0.2671875 0.3109375 0.015625 0.034375
1 0.25625 0.30859375 0.0140625 0.0359375
1 0.24921875 0.3078125 0.0125 0.0296875
1 0.2421875 0.30234375 0.015625 0.034375
1 0.47109375 0.36171875 0.009375 0.01875
1 0.4796875 0.3609375 0.0109375 0.028125
1 0.48671875 0.36328125 0.0125 0.028125
1 0.53515625 0.359375 0.021875 0.015625
1 0.5265625 0.3921875 0.0140625 0.0328125
1 0.5359375 0.39296875 0.0140625 0.03125
1 0.56015625 0.39609375 0.0140625 0.0375
1 0.565625 0.396875 0.0140625 0.034375
1 0.571875 0.4 0.0125 0.0296875
1 0.6375 0.40390625 0.0109375 0.021875
1 0.646875 0.40859375 0.0109375 0.0203125
1 0.65390625 0.4109375 0.0109375 0.0203125
1 0.67578125 0.42734375 0.009375 0.0203125
1 0.69453125 0.43046875 0.009375 0.0203125
1 0.70234375 0.42890625 0.0078125 0.0140625
1 0.70859375 0.43125 0.009375 0.0203125
1 0.72578125 0.4296875 0.0171875 0.0328125
1 0.734375 0.4328125 0.015625 0.03125
1 0.7546875 0.43671875 0.0140625 0.03125
1 0.746875 0.4390625 0.0140625 0.0328125
1 0.76015625 0.4484375 0.015625 0.034375
1 0.76875 0.45078125 0.0171875 0.0359375
1 0.77890625 0.4546875 0.015625 0.034375
1 0.7890625 0.45703125 0.0140625 0.0328125
1 0.8 0.4578125 0.015625 0.034375
1 0.81171875 0.44296875 0.0140625 0.034375
1 0.8203125 0.4453125 0.0140625 0.034375
1 0.82890625 0.4453125 0.0171875 0.034375
1 0.99453125 0.36640625 0.0109375 0.0390625
1 0.9375 0.45703125 0.025 0.040625
1 0.9828125 0.4390625 0.01875 0.0375
1 0.87421875 0.49921875 0.025 0.0234375
1 0.79375 0.52421875 0.028125 0.0171875
1 0.76640625 0.56640625 0.0203125 0.0125
1 0.69140625 0.56015625 0.0234375 0.0203125
1 0.59453125 0.5890625 0.0140625 0.0328125
1 0.58828125 0.5828125 0.015625 0.034375
1 0.57734375 0.5828125 0.015625 0.03125
1 0.56796875 0.578125 0.015625 0.034375
1 0.53984375 0.57109375 0.0140625 0.0328125
1 0.53203125 0.57578125 0.0140625 0.034375
1 0.5265625 0.571875 0.0125 0.03125
1 0.52109375 0.56796875 0.0125 0.03125
1 0.5140625 0.5671875 0.0125 0.034375
1 0.50625 0.56484375 0.0140625 0.034375
1 0.49296875 0.56484375 0.0140625 0.0328125
1 0.4875 0.56328125 0.0140625 0.0328125
1 0.48125 0.5625 0.0140625 0.0328125
1 0.47421875 0.559375 0.0140625 0.03125
1 0.4484375 0.55078125 0.0140625 0.0328125
1 0.43984375 0.54765625 0.0140625 0.0296875
1 0.43203125 0.54296875 0.0140625 0.03125
1 0.40078125 0.5390625 0.0125 0.0296875
1 0.3828125 0.53203125 0.0140625 0.0359375
1 0.3703125 0.52578125 0.015625 0.034375
1 0.3453125 0.51953125 0.0171875 0.034375
1 0.33671875 0.51171875 0.0140625 0.03125
1 0.32890625 0.51015625 0.0125 0.0265625
1 0.31015625 0.50390625 0.0125 0.028125
1 0.3015625 0.50390625 0.0109375 0.0234375
1 0.2953125 0.49765625 0.0125 0.028125
1 0.28203125 0.515625 0.0125 0.028125
1 0.28203125 0.49609375 0.0125 0.0328125
1 0.271875 0.50859375 0.0140625 0.034375
1 0.26640625 0.5 0.0140625 0.034375
1 0.07421875 0.621875 0.0203125 0.0359375
1 0.04765625 0.728125 0.0140625 0.034375
1 0.31875 0.4109375 0.021875 0.0171875
1 0.40546875 0.428125 0.021875 0.0171875
1 0.4296875 0.3578125 0.021875 0.0265625
1 0.9328125 0.54453125 0.03125 0.01875
1 0.9390625 0.57734375 0.0234375 0.025
2 0.9953125 0.3640625 0.009375 0.01875
2 0.940625 0.45234375 0.015625 0.01875
2 0.903125 0.42265625 0.0140625 0.0109375
2 0.90546875 0.434375 0.015625 0.0140625
2 0.89609375 0.46796875 0.0171875 0.0171875
2 0.87890625 0.49765625 0.0125 0.0171875
2 0.9359375 0.54375 0.0109375 0.0171875
2 0.94296875 0.57578125 0.0125 0.015625
2 0.98828125 0.4296875 0.01875 0.0125
2 0.98359375 0.440625 0.0203125 0.01875
2 0.8125 0.490625 0.015625 0.015625
2 0.8 0.4796875 0.015625 0.0125
2 0.8 0.490625 0.0125 0.0109375
2 0.78671875 0.4765625 0.0140625 0.0109375
2 0.784375 0.49140625 0.0140625 0.015625
2 0.74375 0.4671875 0.0125 0.0140625
2 0.7296875 0.4609375 0.0140625 0.0140625
2 0.72578125 0.47421875 0.015625 0.0125
2 0.71484375 0.48828125 0.015625 0.0125
2 0.71640625 0.4578125 0.0140625 0.0140625
2 0.7140625 0.4703125 0.0109375 0.0125
2 0.05625 0.3046875 0.01875 0.021875
2 0.11171875 0.2765625 0.0171875 0.015625
2 0.109375 0.2875 0.0171875 0.015625
2 0.10390625 0.3 0.0171875 0.0171875
2 0.13203125 0.2796875 0.0171875 0.0171875
2 0.12421875 0.2890625 0.0171875 0.0140625
2 0.1203125 0.30078125 0.0171875 0.0140625
2 0.165625 0.29609375 0.0171875 0.0171875
2 0.1625 0.3265625 0.015625 0.0140625
2 0.1609375 0.3375 0.0171875 0.015625
2 0.18359375 0.32890625 0.0171875 0.015625
2 0.209375 0.3140625 0.015625 0.01875
2 0.20703125 0.340625 0.0140625 0.0125
2 0.20546875 0.3515625 0.0140625 0.0125
2 0.1671875 0.3734375 0.0171875 0.015625
2 0.1734375 0.3859375 0.0140625 0.0125
2 0.20234375 0.36875 0.015625 0.015625
2 0.221875 0.33125 0.0140625 0.015625
2 0.23671875 0.34921875 0.0140625 0.0125
2 0.2375 0.3640625 0.0125 0.0125
2 0.24921875 0.33984375 0.0140625 0.0171875
2 0.2734375 0.38046875 0.0125 0.0140625
2 0.29140625 0.34921875 0.0171875 0.015625
2 0.30234375 0.3328125 0.0125 0.015625
2 0.315625 0.3328125 0.0109375 0.0140625
2 0.315625 0.34609375 0.0125 0.0125
2 0.31171875 0.36953125 0.0140625 0.0171875
2 0.33515625 0.3921875 0.0109375 0.0140625
2 0.34765625 0.38203125 0.0140625 0.0171875
2 0.29375 0.38046875 0.0140625 0.0140625
2 0.39609375 0.3984375 0.0109375 0.0125
2 0.41328125 0.52890625 0.0109375 0.0140625
2 0.346875 0.490625 0.0109375 0.0140625
2 0.5046875 0.53359375 0.0125 0.0171875
2 0.4546875 0.425 0.0140625 0.0140625
2 0.45859375 0.4125 0.0109375 0.0125
2 0.4609375 0.39921875 0.0109375 0.0140625
2 0.4578125 0.3859375 0.0078125 0.0140625
2 0.45234375 0.396875 0.0125 0.0140625
2 0.4296875 0.39609375 0.0125 0.0140625
2 0.4203125 0.39296875 0.0109375 0.0125
2 0.41015625 0.39609375 0.0109375 0.0140625
2 0.45390625 0.3625 0.009375 0.0171875
2 0.528125 0.43125 0.0140625 0.0171875
2 0.57421875 0.4203125 0.0078125 0.015625
2 0.571875 0.43984375 0.0125 0.0140625
2 0.5859375 0.4328125 0.0078125 0.0109375
2 0.59296875 0.4296875 0.009375 0.0125
2 0.65234375 0.43359375 0.0125 0.0125
2 0.64296875 0.4453125 0.0125 0.015625
2 0.6671875 0.46328125 0.0109375 0.0140625
2 0.67734375 0.46015625 0.009375 0.0140625
2 0.7390625 0.48203125 0.0125 0.01875
2 0.6953125 0.45390625 0.0125 0.0125
2 0.68984375 0.46328125 0.0125 0.0109375
2 0.69296875 0.47109375 0.0140625 0.0125
2 0.653125 0.45625 0.0125 0.009375
2 0.65859375 0.45078125 0.0125 0.009375
2 0.7375 0.625 0.0140625 0.015625
2 0.7984375 0.5234375 0.0125 0.0171875
2 0.76796875 0.56484375 0.0140625 0.015625
2 0.69296875 0.56015625 0.0125 0.01875
2 0.57265625 0.60234375 0.009375 0.0109375
2 0.565625 0.603125 0.0078125 0.0109375
2 0.52421875 0.59453125 0.009375 0.0109375
2 0.50859375 0.58984375 0.0078125 0.0125
2 0.496875 0.58671875 0.0078125 0.0109375
2 0.40390625 0.42734375 0.009375 0.0140625
2 0.42890625 0.35546875 0.0109375 0.0171875
2 0.31875 0.41015625 0.009375 0.0125
2 0.26953125 0.4734375 0.0125 0.0109375
2 0.0578125 0.60703125 0.021875 0.0140625
2 0.0609375 0.6203125 0.015625 0.0125
2 0.07578125 0.62421875 0.0171875 0.0125
2 0.0296875 0.5734375 0.015625 0.0203125
2 0.0484375 0.728125 0.01875 0.015625
2 0.63359375 0.8453125 0.0171875 0.0234375
2 0.265625 0.35859375 0.0109375 0.009375
2 0.2671875 0.3515625 0.0125 0.009375