1 0.28046875 0.365625 0.00703125 0.03203125
1 0.2546875 0.36875 0.009375 0.0328125
1 0.23828125 0.3703125 0.0078125 0.02890625
1 0.2296875 0.375 0.00703125 0.03046875
1 0.21953125 0.37421875 0.0078125 0.03203125
1 0.21171875 0.37734375 0.0078125 0.02890625
1 0.203125 0.37421875 0.0078125 0.0296875
1 0.18046875 0.36171875 0.00625 0.03046875
1 0.17109375 0.3625 0.01015625 0.0296875
1 0.0859375 0.33828125 0.01015625 0.034375
1 0.14765625 0.36171875 0.00703125 0.0359375
1 0.1390625 0.3609375 0.00703125 0.03515625
1 0.11171875 0.36328125 0.0125 0.0375
1 0.13125 0.36015625 0.00703125 0.03515625
1 0.1234375 0.353125 0.0109375 0.0359375
1 0.3984375 0.38125 0.01796875 0.0234375
1 0.43984375 0.36953125 0.00546875 0.0265625
1 0.44765625 0.3703125 0.00546875 0.02578125
1 0.4546875 0.3703125 0.00625 0.03125
1 0.50078125 0.3890625 0.0078125 0.03359375
1 0.5109375 0.38828125 0.00859375 0.03046875
1 0.534375 0.3859375 0.00546875 0.034375
1 0.540625 0.38515625 0.00546875 0.034375
1 0.546875 0.38515625 0.00625 0.03515625
1 0.80625 0.365625 0.0078125 0.03203125
1 0.7984375 0.3703125 0.00703125 0.034375
1 0.78984375 0.371875 0.0078125 0.03359375
1 0.78125 0.38828125 0.0078125 0.02734375
1 0.771875 0.390625 0.0078125 0.0296875
1 0.7609375 0.38984375 0.00859375 0.03203125
1 0.75 0.3890625 0.0109375 0.03359375
1 0.740625 0.38828125 0.00703125 0.03125
1 0.7328125 0.37734375 0.00546875 0.03203125
1 0.7265625 0.38125 0.00703125 0.0328125
1 0.71171875 0.38046875 0.00859375 0.03125
1 0.70390625 0.37890625 0.00859375 0.0328125
1 0.61484375 0.5640625 0.00703125 0.0328125
1 0.60703125 0.56171875 0.00859375 0.0328125
1 0.596875 0.5671875 0.00859375 0.040625
1 0.58671875 0.56171875 0.00703125 0.03671875
1 0.55703125 0.5625 0.00703125 0.0328125
1 0.55078125 0.5671875 0.00546875 0.03203125
1 0.54453125 0.56328125 0.00546875 0.02734375
1 0.5375 0.5625 0.00625 0.02890625
1 0.53125 0.56484375 0.00625 0.03125
1 0.52265625 0.56171875 0.00703125 0.0296875
1 0.51015625 0.56640625 0.00703125 0.03203125
1 0.50390625 0.56328125 0.00625 0.03046875
1 0.49765625 0.565625 0.00703125 0.0328125
1 0.490625 0.5640625 0.00703125 0.03203125
1 0.4640625 0.5625 0.00703125 0.0296875
1 0.45390625 0.56171875 0.00703125 0.028125
1 0.4453125 0.559375 0.0078125 0.03046875
1 0.41484375 0.56171875 0.00703125 0.0296875
1 0.39453125 0.56171875 0.0078125 0.034375
1 0.38203125 0.55859375 0.00703125 0.034375
1 0.35703125 0.55859375 0.0078125 0.03203125
1 0.3453125 0.5515625 0.0078125 0.02890625
1 0.33671875 0.553125 0.00625 0.0234375
1 0.31875 0.55 0.0078125 0.02578125
1 0.31015625 0.55234375 0.00625 0.021875
1 0.3015625 0.546875 0.00703125 0.02734375
1 0.275 0.55703125 0.00625 0.03203125
1 0.2890625 0.55078125 0.00546875 0.03046875
1 0.29375 0.56796875 0.00625 0.03046875
1 0.28203125 0.56484375 0.00625 0.03125
1 0.18203125 0.55390625 0.015625 0.02890625
1 0.4828125 0.4625 0.02109375 0.0109375
1 0.575 0.4625 0.025 0.0109375
1 0.65 0.46171875 0.0234375 0.015625
1 0.7484375 0.465625 0.0234375 0.015625
1 0.8140625 0.46015625 0.02109375 0.0171875
1 0.828125 0.41953125 0.01953125 0.0203125
1 0.86796875 0.41328125 0.02109375 0.0203125
1 0.91015625 0.3640625 0.01796875 0.03046875
1 0.94375 0.38984375 0.0125 0.03671875
1 0.9828125 0.31953125 0.01171875 0.0328125
1 0.97734375 0.18359375 0.00703125 0.03515625
1 0.65390625 0.3921875 0.00703125 0.02265625
1 0.69296875 0.3828125 0.0046875 0.015625
1 0.68671875 0.38359375 0.00546875 0.015625
1 0.68046875 0.3828125 0.00546875 0.0140625
1 0.6734375 0.3875 0.00546875 0.01953125
1 0.66328125 0.3828125 0.00390625 0.01328125
1 0.6109375 0.375 0.00546875 0.01953125
1 0.621875 0.37734375 0.00859375 0.0203125
1 0.6296875 0.37734375 0.00703125 0.01640625
1 0.28984375 0.46796875 0.01875 0.01171875
1 0.33984375 0.496875 0.02109375 0.01328125
2 0.0171875 0.37578125 0.01875 0.01171875
2 0.01328125 0.38984375 0.0171875 0.0125
2 0.03515625 0.39296875 0.0140625 0.01015625
2 0.034375 0.37890625 0.01171875 0.01328125
2 0.0390625 0.4046875 0.0109375 0.0109375
2 0.06015625 0.38671875 0.01328125 0.0109375
2 0.07421875 0.3953125 0.01484375 0.01015625
2 0.07265625 0.409375 0.01171875 0.0125
2 0.0703125 0.4578125 0.0171875 0.01171875
2 0.07109375 0.48828125 0.01640625 0.01171875
2 0.090625 0.521875 0.0125 0.015625
2 0.1625 0.3828125 0.01328125 0.0109375
2 0.16015625 0.39453125 0.0140625 0.01171875
2 0.16171875 0.4078125 0.01484375 0.0125
2 0.1484375 0.41328125 0.0109375 0.01328125
2 0.15546875 0.4265625 0.0125 0.009375
2 0.15390625 0.43671875 0.0125 0.009375
2 0.20078125 0.39765625 0.01171875 0.0140625
2 0.21328125 0.42109375 0.0109375 0.0109375
2 0.21484375 0.43203125 0.0109375 0.01015625
2 0.21640625 0.4453125 0.01328125 0.01328125
2 0.22734375 0.409375 0.01328125 0.01171875
2 0.2390625 0.41328125 0.00703125 0.01171875
2 0.23984375 0.425 0.009375 0.0109375
2 0.253125 0.39609375 0.0109375 0.01171875
2 0.2671875 0.428125 0.0109375 0.0125
2 0.26796875 0.40703125 0.01171875 0.0125
2 0.28046875 0.40078125 0.01015625 0.0125
2 0.27890625 0.42265625 0.01015625 0.0109375
2 0.2953125 0.42421875 0.0109375 0.0140625
2 0.31640625 0.37734375 0.00859375 0.01328125
2 0.3375 0.43984375 0.009375 0.0109375
2 0.3546875 0.43125 0.0109375 0.009375
2 0.35859375 0.42109375 0.0078125 0.01171875
2 0.3703125 0.440625 0.009375 0.01171875
2 0.40703125 0.4140625 0.00546875 0.015625
1 0.425 0.37578125 0.01328125 0.0140625
2 0.4234375 0.3890625 0.00625 0.01328125
2 0.41484375 0.43125 0.009375 0.0125
2 0.44609375 0.53125 0.0109375 0.0140625
2 0.44375 0.40625 0.01015625 0.0125
2 0.45859375 0.3921875 0.00859375 0.0109375
2 0.45859375 0.40546875 0.00703125 0.009375
2 0.46640625 0.4125 0.009375 0.01015625
2 0.490625 0.41796875 0.01015625 0.009375
2 0.48203125 0.39296875 0.00546875 0.0109375
2 0.4765625 0.40390625 0.00625 0.01171875
2 0.48671875 0.403125 0.0078125 0.0109375
2 0.47578125 0.42109375 0.00703125 0.0171875
2 0.5265625 0.42578125 0.00703125 0.01484375
2 0.54921875 0.40703125 0.00703125 0.01015625
2 0.5828125 0.41640625 0.0078125 0.01015625
2 0.590625 0.421875 0.0078125 0.01015625
2 0.68984375 0.4125 0.01328125 0.01171875
2 0.665625 0.40546875 0.00703125 0.0125
2 0.64453125 0.40625 0.00859375 0.0125
2 0.7046875 0.4125 0.01015625 0.00859375
2 0.659375 0.40859375 0.00703125 0.009375
2 0.70234375 0.42109375 0.01328125 0.009375
2 0.71640625 0.415625 0.009375 0.0125
2 0.728125 0.40625 0.01171875 0.01015625
2 0.80390625 0.434375 0.01484375 0.0109375
2 0.7953125 0.4 0.0125 0.0140625
2 0.79609375 0.415625 0.01171875 0.01015625
2 0.78984375 0.425 0.0109375 0.009375
2 0.7796875 0.40703125 0.0109375 0.009375
2 0.7796875 0.41875 0.01328125 0.0125
2 0.76875 0.42734375 0.01171875 0.01171875
2 0.765625 0.4140625 0.01171875 0.01171875
2 0.74609375 0.425 0.01015625 0.009375
2 0.740625 0.4171875 0.00859375 0.009375
2 0.74140625 0.40703125 0.01015625 0.009375
2 0.71484375 0.803125 0.0125 0.021875
2 0.07265625 0.72265625 0.01328125 0.0109375
1 0.1203125 0.74296875 0.0140625 0.03984375
2 0.05859375 0.63046875 0.0140625 0.0109375
2 0.06953125 0.63671875 0.0171875 0.02265625
2 0.03359375 0.63515625 0.01640625 0.0125
2 0.00625 0.628125 0.01171875 0.0140625
2 0.83515625 0.35859375 0.0125 0.01328125
2 0.83984375 0.36953125 0.01171875 0.0125
2 0.6953125 0.5796875 0.009375 0.01328125
2 0.59140625 0.5328125 0.009375 0.0125
2 0.0578125 0.76015625 0.0140625 0.0140625
2 0.32578125 0.36640625 0.00703125 0.0140625
0 0.3578125 0.39609375 0.05703125 0.03828125
2 0.3421875 0.53125 0.01171875 0.009375
2 0.28828125 0.46953125 0.00703125 0.0140625
2 0.4828125 0.4625 0.00703125 0.015625
2 0.57421875 0.46015625 0.00703125 0.01640625
2 0.6515625 0.459375 0.009375 0.0171875
2 0.75234375 0.465625 0.0078125 0.015625
2 0.815625 0.45859375 0.0078125 0.0125
2 0.9125 0.36015625 0.00859375 0.0171875
2 0.94296875 0.38984375 0.0203125 0.01640625
2 0.98359375 0.31875 0.0109375 0.01328125
2 0.11796875 0.74765625 0.00859375 0.015625