1 0.134375 0.759375 0.0171875 0.0328125
1 0.15390625 0.7265625 0.01875 0.034375
1 0.16640625 0.734375 0.015625 0.0328125
1 0.1734375 0.72421875 0.0140625 0.03125
1 0.18203125 0.72109375 0.0140625 0.0296875
1 0.1890625 0.71875 0.0125 0.028125
1 0.21171875 0.7140625 0.0140625 0.028125
1 0.221875 0.71015625 0.0125 0.0234375
1 0.23984375 0.69765625 0.0140625 0.0296875
1 0.2484375 0.690625 0.0140625 0.0328125
1 0.25625 0.69140625 0.0140625 0.03125
1 0.26640625 0.68984375 0.0140625 0.03125
1 0.27421875 0.6875 0.0125 0.0265625
1 0.2921875 0.6875 0.0171875 0.0328125
1 0.31796875 0.6828125 0.0140625 0.028125
1 0.47109375 0.63984375 0.0109375 0.021875
1 0.47890625 0.63828125 0.0109375 0.0234375
1 0.4859375 0.63671875 0.0125 0.028125
1 0.52734375 0.609375 0.0140625 0.03125
1 0.53515625 0.60546875 0.0125 0.028125
1 0.559375 0.603125 0.0140625 0.034375
1 0.56640625 0.603125 0.0125 0.0328125
1 0.57109375 0.59921875 0.0125 0.028125
1 0.6375 0.59609375 0.0109375 0.0203125
1 0.64609375 0.5921875 0.0125 0.0203125
1 0.6546875 0.58984375 0.0125 0.021875
1 0.67421875 0.56875 0.009375 0.0234375
1 0.73203125 0.565625 0.0125 0.0296875
1 0.72578125 0.56953125 0.015625 0.03125
1 0.70234375 0.57109375 0.0078125 0.015625
1 0.70859375 0.56875 0.0078125 0.0140625
1 0.746875 0.5609375 0.0140625 0.034375
1 0.7546875 0.56484375 0.0125 0.0296875
1 0.759375 0.55078125 0.0140625 0.03125
1 0.76796875 0.54921875 0.0171875 0.034375
1 0.778125 0.5453125 0.0140625 0.03125
1 0.7890625 0.5421875 0.0140625 0.0328125
1 0.79921875 0.5421875 0.0140625 0.03125
1 0.8109375 0.55625 0.0140625 0.03125
1 0.81953125 0.5546875 0.0140625 0.034375
1 0.828125 0.55546875 0.0140625 0.0328125
1 0.96953125 0.56484375 0.028125 0.0265625
1 0.846875 0.4265625 0.021875 0.0234375
1 0.809375 0.43203125 0.01875 0.015625
1 0.59375 0.41171875 0.0125 0.0296875
1 0.5875 0.41640625 0.015625 0.0328125
1 0.57734375 0.41484375 0.0171875 0.034375
1 0.56796875 0.42109375 0.0140625 0.0359375
1 0.5390625 0.42734375 0.0140625 0.0359375
1 0.53125 0.42265625 0.0140625 0.034375
1 0.52578125 0.4265625 0.0125 0.03125
1 0.51953125 0.43046875 0.0140625 0.0328125
1 0.51328125 0.43203125 0.0125 0.03125
1 0.50625 0.4359375 0.0125 0.03125
1 0.4921875 0.43359375 0.0140625 0.03125
1 0.48671875 0.4375 0.0140625 0.0328125
1 0.48046875 0.43828125 0.0140625 0.0328125
1 0.47421875 0.440625 0.015625 0.0328125
1 0.4484375 0.44921875 0.0140625 0.03125
1 0.4390625 0.453125 0.0125 0.0265625
1 0.43046875 0.45703125 0.0125 0.028125
1 0.40078125 0.46171875 0.0125 0.0296875
1 0.38125 0.4671875 0.0125 0.0328125
1 0.3703125 0.47265625 0.0140625 0.0328125
1 0.3453125 0.48046875 0.0140625 0.0328125
1 0.33515625 0.48828125 0.0140625 0.028125
1 0.32734375 0.48984375 0.0109375 0.021875
1 0.309375 0.49609375 0.0125 0.025
1 0.3015625 0.49609375 0.0109375 0.021875
1 0.29375 0.50078125 0.0140625 0.028125
1 0.28203125 0.484375 0.009375 0.0203125
1 0.28125 0.503125 0.0125 0.03125
1 0.271875 0.4921875 0.0125 0.0296875
1 0.26640625 0.50078125 0.0125 0.0296875
1 0.0453125 0.2640625 0.0171875 0.0390625
0 0.040625 0.6234375 0.05625 0.046875
0 0.38515625 0.63828125 0.0625 0.0484375
2 0.05390625 0.703125 0.0171875 0.015625
2 0.07265625 0.72578125 0.0171875 0.015625
2 0.07890625 0.734375 0.0140625 0.0125
2 0.1140625 0.7171875 0.0140625 0.0125
2 0.10703125 0.69375 0.01875 0.015625
2 0.16953125 0.68984375 0.015625 0.0125
2 0.1921875 0.67734375 0.0140625 0.0125
2 0.18828125 0.6640625 0.015625 0.0140625
2 0.1921875 0.653125 0.015625 0.0125
2 0.190625 0.63828125 0.015625 0.015625
2 0.2125 0.66328125 0.0140625 0.0125
2 0.2109375 0.653125 0.0140625 0.0125
2 0.20703125 0.64453125 0.015625 0.0109375
2 0.2234375 0.64140625 0.015625 0.015625
1 0.2984375 0.6515625 0.0234375 0.028125
2 0.234375 0.665625 0.0125 0.0125
2 0.23125 0.65390625 0.0140625 0.0140625
2 0.24375 0.66171875 0.0125 0.0125
2 0.24296875 0.6515625 0.0109375 0.0109375
2 0.2546875 0.65859375 0.0140625 0.0140625
2 0.2515625 0.646875 0.0109375 0.0125
2 0.26484375 0.64765625 0.0140625 0.015625
2 0.26171875 0.63515625 0.0140625 0.0140625
2 0.28359375 0.63359375 0.0125 0.0125
2 0.28046875 0.62421875 0.0140625 0.0125
2 0.31484375 0.621875 0.0125 0.0140625
2 0.31171875 0.61015625 0.0125 0.0125
2 0.34609375 0.65703125 0.0109375 0.0125
2 0.35 0.728125 0.0109375 0.0125
2 0.35859375 0.72734375 0.009375 0.015625
2 0.39453125 0.59453125 0.009375 0.0140625
2 0.40625 0.60703125 0.0078125 0.0109375
2 0.4125 0.6078125 0.0078125 0.0109375
2 0.41953125 0.59765625 0.0109375 0.0125
2 0.415625 0.58828125 0.009375 0.009375
2 0.45625 0.60703125 0.009375 0.015625
2 0.45546875 0.59375 0.0078125 0.0109375
2 0.49140625 0.6 0.0078125 0.0140625
2 0.48515625 0.5875 0.0109375 0.0125
2 0.9953125 0.60703125 0.009375 0.0140625
2 0.99453125 0.59765625 0.0109375 0.0140625
2 0.97421875 0.56640625 0.0109375 0.0140625
2 0.9453125 0.45859375 0.0109375 0.01875
2 0.85078125 0.4265625 0.0140625 0.0171875
2 0.81328125 0.43046875 0.009375 0.0125
2 0.8578125 0.553125 0.015625 0.0140625
2 0.8609375 0.54375 0.015625 0.0140625
2 0.83125 0.53046875 0.0125 0.0140625
2 0.83203125 0.51640625 0.0140625 0.0171875
2 0.8203125 0.51484375 0.0125 0.015625
2 0.79765625 0.515625 0.0140625 0.015625
2 0.75859375 0.51328125 0.0125 0.0125
2 0.73671875 0.5328125 0.015625 0.0125
2 0.73515625 0.51796875 0.0125 0.0109375
2 0.678125 0.521875 0.0140625 0.015625
2 0.65234375 0.55625 0.0109375 0.0140625
2 0.62890625 0.5703125 0.009375 0.0140625
2 0.6265625 0.55625 0.0109375 0.015625
2 0.6140625 0.5375 0.009375 0.0140625
2 0.6171875 0.5640625 0.0078125 0.0125
2 0.603125 0.56875 0.0109375 0.0140625
2 0.59609375 0.5796875 0.009375 0.0140625
2 0.584375 0.56640625 0.009375 0.0140625
2 0.58515625 0.5546875 0.0109375 0.0140625
2 0.57265625 0.56484375 0.0109375 0.015625
2 0.56640625 0.5796875 0.0078125 0.009375
2 0.5546875 0.5734375 0.0109375 0.0109375
2 0.55546875 0.5453125 0.0140625 0.0140625
2 0.54140625 0.5734375 0.0078125 0.0125
2 0.5375 0.5578125 0.0109375 0.015625
2 0.5265625 0.54765625 0.0125 0.0140625
2 0.52109375 0.5859375 0.0109375 0.0140625
2 0.51171875 0.58984375 0.009375 0.0125
2 0.50390625 0.5953125 0.009375 0.0125
2 0.5078125 0.57734375 0.009375 0.0125
2 0.50390625 0.5859375 0.009375 0.0125
2 0.5640625 0.44765625 0.0125 0.0140625
2 0.5921875 0.4421875 0.0109375 0.015625
2 0.62734375 0.384375 0.009375 0.0125
1 0.540625 0.521875 0.01875 0.0171875
1 0.44921875 0.5140625 0.021875 0.0171875
2 0.04453125 0.2625 0.0171875 0.0125
2 0.0296875 0.54921875 0.01875 0.015625
2 0.12890625 0.49921875 0.015625 0.0140625
2 0.1234375 0.48828125 0.0125 0.0125
2 0.0421875 0.471875 0.01875 0.0140625
2 0.0296875 0.4734375 0.0109375 0.0109375
2 0.0609375 0.46640625 0.015625 0.0140625
2 0.059375 0.45390625 0.0140625 0.0125
2 0.0671875 0.44765625 0.0171875 0.0125
2 0.0671875 0.43046875 0.0171875 0.015625
2 0.053125 0.403125 0.0171875 0.0140625
2 0.0453125 0.38359375 0.015625 0.0125
2 0.04609375 0.39453125 0.0078125 0.0078125
2 0.05625 0.39140625 0.015625 0.0140625
2 0.2953125 0.5234375 0.0109375 0.015625
2 0.31796875 0.5171875 0.0140625 0.0140625
2 0.45625 0.47421875 0.0140625 0.015625
2 0.45390625 0.5140625 0.0109375 0.0125
2 0.54609375 0.5203125 0.0078125 0.0125
2 0.63359375 0.15625 0.01875 0.0265625