2 0.97890625 0.49296875 0.0171875 0.015625
1 0.93984375 0.41875 0.0140625 0.0328125
1 0.909375 0.4375 0.01875 0.0390625
1 0.90078125 0.42578125 0.0171875 0.0421875
1 0.88984375 0.43125 0.0140625 0.0359375
1 0.88125 0.43125 0.0125 0.03125
1 0.87421875 0.43046875 0.0140625 0.03125
1 0.85078125 0.42421875 0.015625 0.0328125
1 0.8609375 0.42109375 0.0140625 0.0328125
1 0.83984375 0.4265625 0.0140625 0.028125
1 0.76796875 0.415625 0.01875 0.0359375
1 0.78359375 0.41875 0.0140625 0.0359375
1 0.790625 0.4265625 0.0140625 0.034375
1 0.80078125 0.4296875 0.0140625 0.034375
1 0.80859375 0.4328125 0.0125 0.0328125
1 0.8171875 0.43046875 0.0125 0.0296875
1 0.74296875 0.4078125 0.0140625 0.0328125
0 0.66171875 0.4234375 0.0609375 0.046875
0 0.546875 0.4953125 0.0578125 0.0453125
1 0.61328125 0.41328125 0.0203125 0.0296875
1 0.58515625 0.38203125 0.0109375 0.028125
1 0.57734375 0.38203125 0.0109375 0.028125
1 0.57109375 0.37890625 0.0125 0.03125
1 0.5203125 0.3890625 0.0125 0.03125
1 0.5125 0.38828125 0.0125 0.0296875
1 0.52734375 0.35703125 0.021875 0.0140625
1 0.4890625 0.38046875 0.0125 0.034375
1 0.48359375 0.378125 0.0109375 0.034375
1 0.478125 0.3765625 0.0125 0.0359375
1 0.41640625 0.35390625 0.009375 0.021875
1 0.39765625 0.3546875 0.0109375 0.0203125
1 0.40625 0.35625 0.0125 0.01875
1 0.353125 0.35390625 0.009375 0.021875
1 0.33984375 0.34921875 0.009375 0.0171875
1 0.325 0.340625 0.015625 0.03125
1 0.31640625 0.340625 0.0125 0.03125
1 0.3015625 0.33828125 0.0125 0.0359375
1 0.296875 0.334375 0.009375 0.0296875
1 0.2859375 0.34296875 0.0125 0.034375
1 0.27734375 0.34140625 0.015625 0.034375
1 0.265625 0.34140625 0.0125 0.03125
1 0.25625 0.33828125 0.0140625 0.0359375
1 0.22578125 0.3109375 0.0125 0.0328125
1 0.2328125 0.31328125 0.0140625 0.0359375
1 0.2421875 0.31640625 0.0125 0.03125
1 0.2453125 0.33671875 0.0140625 0.03125
1 0.0901020671875 0.1684745078125 0.10495059375 0.116651909375 0.103119734375 0.10969323281250001 0.09377782500000001 0.10316106875 0.08254206562500001 0.10509720156249999 0.0755568171875 0.12320066874999999 0.07038789375 0.1306852375 0.0609787703125 0.15998374375 0.05658065625000001 0.1798804734375 0.058411515625 0.18683915 0.0714714265625 0.19881030156249999 0.07831329687500001 0.1963672015625 0.0901020671875 0.1684745078125
1 0.375 0.53984375 0.0125 0.0328125
1 0.3859375 0.5375 0.015625 0.034375
1 0.39453125 0.5421875 0.0125 0.03125
1 0.40546875 0.54140625 0.0140625 0.0359375
1 0.43203125 0.54921875 0.0140625 0.0359375
1 0.43828125 0.55390625 0.0125 0.0328125
1 0.4453125 0.553125 0.0125 0.0296875
1 0.453125 0.55390625 0.0125 0.0296875
1 0.45859375 0.5546875 0.0109375 0.03125
1 0.4671875 0.55390625 0.0109375 0.028125
1 0.478125 0.56171875 0.0109375 0.0328125
1 0.48515625 0.56015625 0.0125 0.03125
1 0.490625 0.56328125 0.0125 0.034375
1 0.4984375 0.56328125 0.0140625 0.0375
1 0.525 0.5671875 0.0125 0.03125
1 0.534375 0.5671875 0.0125 0.03125
1 0.54375 0.5671875 0.0125 0.0328125
1 0.5734375 0.575 0.0125 0.03125
1 0.59296875 0.57890625 0.0125 0.034375
1 0.60546875 0.578125 0.0125 0.0359375
1 0.63046875 0.58203125 0.0125 0.0328125
1 0.64453125 0.57890625 0.0109375 0.028125
1 0.65234375 0.58125 0.0109375 0.0234375
1 0.6703125 0.58203125 0.0109375 0.025
1 0.678125 0.5859375 0.009375 0.021875
1 0.68671875 0.58515625 0.0140625 0.03125
1 0.7 0.58984375 0.0109375 0.03125
1 0.7125 0.596875 0.0140625 0.03125
1 0.690625 0.6046875 0.0125 0.0359375
1 0.703125 0.60234375 0.0140625 0.0328125
1 0.62265625 0.51484375 0.021875 0.0171875
1 0.671875 0.51875 0.0234375 0.0171875
1 0.76953125 0.534375 0.0203125 0.025
1 0.80703125 0.58203125 0.01875 0.0265625
1 0.809375 0.6421875 0.0171875 0.0328125
1 0.87421875 0.72734375 0.0296875 0.0171875
2 0.94921875 0.69609375 0.01875 0.0140625
2 0.94296875 0.70703125 0.0171875 0.0125
2 0.9390625 0.71953125 0.0125 0.0140625
2 0.978125 0.47109375 0.0203125 0.0171875
2 0.94609375 0.47109375 0.01875 0.015625
2 0.95625 0.51015625 0.0171875 0.01875
2 0.91796875 0.47734375 0.015625 0.015625
2 0.9109375 0.51015625 0.0171875 0.01875
2 0.85625 0.46875 0.0125 0.0140625
2 0.853125 0.4796875 0.0140625 0.0125
2 0.83203125 0.45234375 0.009375 0.0140625
2 0.82578125 0.46953125 0.0125 0.0125
2 0.80703125 0.453125 0.0140625 0.0140625
2 0.803125 0.46640625 0.015625 0.0140625
2 0.790625 0.47890625 0.0140625 0.015625
2 0.79609375 0.51640625 0.0125 0.0171875
2 0.78984375 0.4921875 0.015625 0.0125
2 0.77265625 0.4578125 0.0109375 0.0140625
2 0.771875 0.43984375 0.0109375 0.0125
2 0.74921875 0.4375 0.015625 0.0140625
2 0.74296875 0.45546875 0.0203125 0.01875
2 0.72109375 0.403125 0.0140625 0.015625
2 0.71484375 0.41171875 0.0125 0.0109375
0 0.19453125 0.38203125 0.0625 0.0625
1 0.1453125 0.30625 0.0203125 0.0296875
2 0.87734375 0.73046875 0.0109375 0.015625
2 0.80859375 0.64453125 0.0109375 0.015625
2 0.771875 0.5375 0.0125 0.0140625
2 0.8078125 0.58359375 0.0140625 0.0203125
2 0.703125 0.41484375 0.0078125 0.0125
2 0.7046875 0.403125 0.0109375 0.0125
2 0.61328125 0.41328125 0.0109375 0.0140625
2 0.57734375 0.40234375 0.0078125 0.0140625
2 0.571875 0.421875 0.0078125 0.0125
2 0.58046875 0.425 0.009375 0.0140625
2 0.58359375 0.43828125 0.0078125 0.0109375
2 0.58046875 0.44609375 0.0078125 0.0109375
2 0.57421875 0.45625 0.0125 0.0140625
2 0.56640625 0.434375 0.0078125 0.0125
2 0.5625 0.4234375 0.0078125 0.0125
2 0.56015625 0.41015625 0.0078125 0.0125
2 0.55703125 0.4171875 0.00625 0.009375
2 0.553125 0.40703125 0.0078125 0.0109375
2 0.5484375 0.39921875 0.0078125 0.0140625
2 0.5359375 0.39921875 0.0078125 0.0109375
2 0.5203125 0.41015625 0.009375 0.0125
2 0.52109375 0.42109375 0.009375 0.015625
2 0.5109375 0.425 0.0125 0.015625
2 0.50234375 0.41640625 0.0109375 0.0125
2 0.4921875 0.4328125 0.0078125 0.015625
2 0.46875 0.4078125 0.0109375 0.0140625
2 0.45703125 0.39609375 0.0078125 0.0140625
2 0.4265625 0.39765625 0.009375 0.0140625
2 0.39375 0.396875 0.009375 0.0140625
2 0.38515625 0.384375 0.009375 0.0140625
2 0.3765625 0.40625 0.0140625 0.015625
2 0.37265625 0.3875 0.0109375 0.0109375
2 0.36796875 0.3796875 0.009375 0.009375
2 0.34921875 0.37578125 0.009375 0.0125
2 0.35078125 0.39140625 0.0125 0.015625
2 0.340625 0.390625 0.009375 0.0125
2 0.3359375 0.4015625 0.0125 0.015625
2 0.31640625 0.41953125 0.0109375 0.0140625
2 0.3109375 0.3640625 0.0125 0.0125
2 0.3078125 0.375 0.0109375 0.0109375
2 0.2578125 0.3671875 0.0140625 0.0140625
2 0.228125 0.3421875 0.015625 0.015625
2 0.1421875 0.3046875 0.0109375 0.0171875
2 0.1359375 0.246875 0.015625 0.0140625
2 0.13984375 0.2390625 0.015625 0.0140625
2 0.1328125 0.22421875 0.015625 0.0125
2 0.121875 0.45859375 0.0171875 0.01875
2 0.2328125 0.75546875 0.0171875 0.0234375
2 0.328125 0.61171875 0.0078125 0.015625
2 0.32421875 0.6046875 0.00625 0.0109375
2 0.4078125 0.51640625 0.009375 0.0140625
2 0.615625 0.5765625 0.0140625 0.015625
2 0.61953125 0.55625 0.0125 0.0171875
2 0.63046875 0.553125 0.0125 0.0171875
2 0.63046875 0.5640625 0.0078125 0.0109375
1 0.77109375 0.65 0.021875 0.0140625
2 0.77109375 0.64921875 0.0109375 0.01875