0 0.625 0.3734375 0.0609375 0.04375
0 0.30703125 0.484375 0.0578125 0.046875
0 0.30703125 0.53984375 0.0609375 0.053125
1 0.8828125 0.27265625 0.0171875 0.0375
1 0.86171875 0.3 0.0171875 0.0421875
1 0.85078125 0.29609375 0.0125 0.0328125
1 0.8421875 0.30234375 0.0125 0.0359375
1 0.834375 0.3046875 0.0109375 0.0359375
1 0.82578125 0.3046875 0.0125 0.0375
1 0.803125 0.30859375 0.0140625 0.0359375
1 0.7921875 0.3140625 0.0109375 0.0296875
1 0.77265625 0.32734375 0.0125 0.034375
1 0.76484375 0.32890625 0.0109375 0.0328125
1 0.7578125 0.3328125 0.0109375 0.03125
1 0.7453125 0.3328125 0.0109375 0.0328125
1 0.7375 0.32890625 0.0109375 0.0296875
1 0.7203125 0.328125 0.0125 0.034375
1 0.696875 0.33359375 0.0125 0.0296875
1 0.53984375 0.365625 0.00625 0.0171875
1 0.53203125 0.36796875 0.0078125 0.0203125
1 0.52578125 0.36953125 0.009375 0.021875
1 0.48125 0.3890625 0.0125 0.0359375
1 0.4765625 0.35703125 0.021875 0.0140625
1 0.47265625 0.38984375 0.0109375 0.034375
1 0.44921875 0.39296875 0.0109375 0.0328125
1 0.44296875 0.39296875 0.009375 0.0328125
1 0.4359375 0.39296875 0.0109375 0.034375
1 0.37109375 0.39453125 0.009375 0.0234375
1 0.36171875 0.3984375 0.009375 0.021875
1 0.353125 0.40078125 0.0109375 0.0203125
1 0.33046875 0.415625 0.009375 0.025
1 0.3109375 0.415625 0.009375 0.0234375
1 0.29765625 0.41640625 0.0078125 0.01875
1 0.28125 0.41328125 0.0109375 0.0265625
1 0.27265625 0.41484375 0.0125 0.028125
1 0.3046875 0.41484375 0.0078125 0.0140625
1 0.2578125 0.4203125 0.0109375 0.034375
1 0.25078125 0.41640625 0.0109375 0.0328125
1 0.2453125 0.42890625 0.0109375 0.03125
1 0.2359375 0.43125 0.0140625 0.034375
1 0.22578125 0.43203125 0.0125 0.0328125
1 0.215625 0.43515625 0.0125 0.034375
1 0.20546875 0.4359375 0.0125 0.0328125
1 0.19453125 0.41875 0.0109375 0.03125
1 0.18515625 0.41953125 0.0109375 0.0328125
1 0.17734375 0.41796875 0.0125 0.034375
1 0.25625 0.4890625 0.0234375 0.015625
1 0.20390625 0.4984375 0.0234375 0.015625
2 0.20859375 0.459375 0.0140625 0.0171875
2 0.228125 0.45703125 0.0171875 0.0140625
2 0.24921875 0.45 0.0140625 0.0109375
2 0.2453125 0.4625 0.009375 0.0078125
2 0.25546875 0.46328125 0.0109375 0.0125
2 0.2625 0.45 0.0140625 0.0140625
2 0.27265625 0.44453125 0.009375 0.0125
2 0.28125 0.4484375 0.009375 0.0109375
2 0.28671875 0.4609375 0.0125 0.015625
2 0.2859375 0.4359375 0.009375 0.0125
2 0.3109375 0.4421875 0.0078125 0.0125
2 0.33359375 0.43984375 0.0109375 0.0140625
2 0.35 0.43984375 0.0078125 0.0109375
2 0.3671875 0.4390625 0.0125 0.015625
2 0.38125 0.42578125 0.0125 0.0140625
2 0.428125 0.41484375 0.009375 0.015625
2 0.43125 0.42890625 0.0078125 0.0125
2 0.4453125 0.41875 0.00625 0.0109375
2 0.45703125 0.4140625 0.009375 0.0109375
2 0.4625 0.4234375 0.0078125 0.009375
2 0.4625 0.43359375 0.00625 0.009375
2 0.48515625 0.4453125 0.009375 0.0125
2 0.48671875 0.43125 0.0078125 0.0140625
2 0.484375 0.4140625 0.0078125 0.0125
2 0.4734375 0.415625 0.0078125 0.009375
2 0.49296875 0.40546875 0.0125 0.015625
2 0.49921875 0.41484375 0.00625 0.009375
2 0.503125 0.428125 0.0078125 0.0140625
2 0.51171875 0.41171875 0.0078125 0.0109375
2 0.50625 0.3953125 0.009375 0.0109375
2 0.515625 0.421875 0.009375 0.0109375
2 0.53984375 0.378125 0.009375 0.009375
2 0.54140625 0.38984375 0.009375 0.0125
2 0.54921875 0.38046875 0.009375 0.0140625
2 0.559375 0.41796875 0.0109375 0.0171875
2 0.58359375 0.3609375 0.0078125 0.0140625
2 0.5859375 0.38515625 0.009375 0.0140625
2 0.59296875 0.40078125 0.009375 0.0125
2 0.65390625 0.39765625 0.009375 0.0140625
2 0.6421875 0.425 0.0125 0.0171875
2 0.5546875 0.45078125 0.021875 0.0171875
2 0.65390625 0.4203125 0.0109375 0.0140625
2 0.6625 0.39921875 0.009375 0.015625
2 0.6625 0.41171875 0.0078125 0.009375
2 0.67265625 0.409375 0.009375 0.0125
2 0.671875 0.42109375 0.009375 0.0140625
2 0.6984375 0.36171875 0.0140625 0.0140625
2 0.69765625 0.375 0.0171875 0.0140625
2 0.66640625 0.3296875 0.009375 0.0125
2 0.66640625 0.353125 0.0109375 0.015625
2 0.71796875 0.36015625 0.0140625 0.015625
2 0.71640625 0.37421875 0.0109375 0.0109375
2 0.74453125 0.365625 0.0125 0.0140625
2 0.7484375 0.378125 0.0109375 0.0109375
2 0.76796875 0.35546875 0.0140625 0.015625
2 0.77734375 0.3765625 0.0140625 0.015625
2 0.81796875 0.35390625 0.015625 0.015625
2 0.85078125 0.33515625 0.01875 0.01875
2 0.85390625 0.3546875 0.0171875 0.0140625
2 0.909375 0.3203125 0.0171875 0.015625
2 0.8765625 0.4890625 0.015625 0.0171875
2 0.3421875 0.578125 0.0125 0.0125
2 0.33671875 0.834375 0.01875 0.025
2 0.0328125 0.3609375 0.015625 0.0140625
2 0.03671875 0.375 0.015625 0.0109375
2 0.05625 0.3796875 0.01875 0.0140625
2 0.05625 0.3921875 0.01875 0.0125
1 0.00703125 0.434375 0.0140625 0.034375
1 0.375 0.646875 0.0140625 0.0375
1 0.396875 0.5828125 0.0125 0.0328125
1 0.3765625 0.50703125 0.0203125 0.0171875
1 0.4109375 0.5359375 0.0203125 0.0203125
1 0.45234375 0.51640625 0.0203125 0.015625
1 0.4046875 0.57890625 0.0125 0.0328125
1 0.415625 0.57734375 0.0125 0.034375
1 0.42421875 0.571875 0.0125 0.040625
1 0.45390625 0.56875 0.0109375 0.0328125
1 0.4609375 0.575 0.0109375 0.03125
1 0.4671875 0.5703125 0.009375 0.0328125
1 0.47265625 0.56796875 0.0109375 0.03125
1 0.4796875 0.56796875 0.0109375 0.028125
1 0.48671875 0.5640625 0.009375 0.03125
1 0.50078125 0.56796875 0.0109375 0.03125
1 0.50625 0.56484375 0.0109375 0.0328125
1 0.51328125 0.5625 0.0109375 0.0328125
1 0.51640625 0.528125 0.0140625 0.0375
1 0.54609375 0.5546875 0.0109375 0.0296875
1 0.5546875 0.553125 0.0109375 0.0296875
1 0.5640625 0.55078125 0.0109375 0.03125
1 0.59453125 0.5484375 0.0109375 0.0296875
1 0.6140625 0.54296875 0.0109375 0.034375
1 0.61015625 0.50078125 0.01875 0.0140625
1 0.63203125 0.4734375 0.0234375 0.015625
1 0.6265625 0.5375 0.0109375 0.034375
1 0.6515625 0.53359375 0.0125 0.0328125
1 0.6609375 0.52578125 0.0109375 0.0265625
1 0.6703125 0.525 0.009375 0.0234375
1 0.68828125 0.5234375 0.009375 0.021875
1 0.69609375 0.5203125 0.009375 0.0234375
1 0.709375 0.5203125 0.0109375 0.025
1 0.70625 0.46484375 0.025 0.015625
1 0.715625 0.5125 0.009375 0.0234375
1 0.73046875 0.51796875 0.009375 0.025
1 0.725 0.5265625 0.0109375 0.0265625
2 0.68671875 0.49375 0.0140625 0.0140625
2 0.6828125 0.5046875 0.0140625 0.015625
1 0.73671875 0.49296875 0.0234375 0.0265625
1 0.796875 0.5421875 0.01875 0.034375
1 0.92578125 0.596875 0.0203125 0.021875
2 0.97265625 0.66484375 0.0171875 0.0171875
2 0.93046875 0.59375 0.0109375 0.01875
2 0.96953125 0.565625 0.0171875 0.0140625
2 0.796875 0.54296875 0.009375 0.0140625
2 0.740625 0.49375 0.0078125 0.015625
2 0.70859375 0.4671875 0.0109375 0.0140625
2 0.63515625 0.47421875 0.009375 0.015625
2 0.6125 0.49921875 0.0078125 0.0140625
2 0.55390625 0.45078125 0.0109375 0.0140625
2 0.51640625 0.5296875 0.0078125 0.015625
2 0.45234375 0.51640625 0.0109375 0.0125
2 0.409375 0.53671875 0.0109375 0.015625
2 0.3765625 0.50625 0.009375 0.0125
2 0.25390625 0.48984375 0.0109375 0.0125
2 0.2 0.5 0.0140625 0.0140625
2 0.00234375 0.43359375 0.0046875 0.0140625
2 0.3453125 0.42109375 0.009375 0.0125