0 0.35546875 0.39453125 0.0578125 0.0390625
2 0.021875 0.4375 0.0203125 0.0140625
2 0.03359375 0.371875 0.015625 0.0125
2 0.0328125 0.384375 0.0140625 0.009375
2 0.03359375 0.39609375 0.0171875 0.0140625
2 0.0515625 0.3640625 0.0140625 0.01171875
2 0.05 0.37578125 0.0140625 0.0125
2 0.04765625 0.3875 0.0140625 0.01171875
2 0.084375 0.4078125 0.01328125 0.0125
2 0.0875 0.4203125 0.015625 0.01328125
2 0.10625 0.4109375 0.01328125 0.01015625
2 0.13203125 0.38359375 0.01171875 0.0109375
1 0.0828125 0.33671875 0.00859375 0.03203125
1 0.11015625 0.36328125 0.0078125 0.034375
1 0.11875 0.35546875 0.0078125 0.0296875
1 0.128125 0.36171875 0.00703125 0.0296875
1 0.13671875 0.3625 0.00625 0.028125
1 0.1453125 0.36328125 0.00625 0.02578125
1 0.16953125 0.35859375 0.00859375 0.03125
1 0.17890625 0.36328125 0.0078125 0.02578125
1 0.20234375 0.37265625 0.00625 0.0296875
1 0.209375 0.37421875 0.00625 0.02890625
1 0.21640625 0.37421875 0.00625 0.02890625
1 0.228125 0.3734375 0.00703125 0.03203125
1 0.2359375 0.37109375 0.0078125 0.0296875
1 0.25234375 0.365625 0.01015625 0.034375
1 0.27734375 0.365625 0.0078125 0.02890625
1 0.43828125 0.3703125 0.00625 0.0203125
1 0.4453125 0.37109375 0.00546875 0.025
1 0.453125 0.3703125 0.00625 0.028125
1 0.5 0.38828125 0.00703125 0.03203125
1 0.50859375 0.3890625 0.00625 0.03125
1 0.5328125 0.38515625 0.00546875 0.034375
1 0.53828125 0.38359375 0.0046875 0.03203125
1 0.5453125 0.38359375 0.00625 0.03359375
1 0.609375 0.3734375 0.00546875 0.02109375
1 0.61953125 0.37734375 0.00703125 0.01875
1 0.628125 0.3765625 0.0078125 0.01796875
1 0.8046875 0.36796875 0.00625 0.03359375
1 0.796875 0.36796875 0.0078125 0.03671875
1 0.7875 0.36953125 0.0078125 0.03125
1 0.78046875 0.38671875 0.0078125 0.0328125
1 0.77109375 0.3890625 0.0078125 0.03203125
1 0.759375 0.38984375 0.00859375 0.0328125
1 0.7484375 0.3875 0.00859375 0.03359375
1 0.7390625 0.3875 0.00703125 0.03125
1 0.73125 0.37578125 0.00625 0.03203125
1 0.725 0.3796875 0.00546875 0.03515625
1 0.709375 0.38046875 0.00859375 0.03125
1 0.70234375 0.37734375 0.00859375 0.03046875
1 0.68515625 0.3828125 0.00546875 0.0171875
1 0.67890625 0.38125 0.00625 0.0140625
1 0.671875 0.384375 0.00625 0.0203125
1 0.9453125 0.31015625 0.01015625 0.03671875
1 0.98203125 0.3359375 0.0140625 0.0359375
1 0.8328125 0.49375 0.0203125 0.01640625
1 0.61328125 0.5625 0.00703125 0.03359375
1 0.6046875 0.5609375 0.0078125 0.0359375
1 0.5953125 0.5609375 0.00625 0.03203125
1 0.58515625 0.55859375 0.00703125 0.03515625
1 0.5546875 0.56015625 0.00546875 0.0359375
1 0.54921875 0.565625 0.00546875 0.0359375
1 0.5359375 0.5640625 0.00546875 0.0359375
1 0.5421875 0.565625 0.00546875 0.03203125
1 0.52890625 0.5625 0.00625 0.0328125
1 0.52109375 0.559375 0.00546875 0.0265625
1 0.50859375 0.56484375 0.0078125 0.03359375
1 0.50234375 0.5625 0.00546875 0.03203125
1 0.496875 0.5640625 0.00625 0.03359375
1 0.4890625 0.5640625 0.00703125 0.03515625
1 0.4625 0.559375 0.00625 0.02890625
1 0.4515625 0.56015625 0.00546875 0.02578125
1 0.44296875 0.55703125 0.00703125 0.0328125
1 0.41328125 0.559375 0.00546875 0.02890625
1 0.39296875 0.559375 0.00625 0.034375
1 0.38046875 0.55703125 0.00546875 0.0328125
1 0.35546875 0.55703125 0.00703125 0.03359375
1 0.34375 0.55234375 0.00703125 0.0328125
1 0.334375 0.553125 0.00625 0.02421875
1 0.315625 0.54921875 0.00703125 0.02578125
1 0.3078125 0.55234375 0.00625 0.02265625
1 0.3 0.54765625 0.0078125 0.02578125
1 0.28671875 0.54921875 0.00625 0.02890625
1 0.28046875 0.56015625 0.00703125 0.028125
1 0.27265625 0.55703125 0.0078125 0.03125
1 0.11640625 0.83046875 0.009375 0.03515625
1 0.11484375 0.721875 0.01015625 0.03515625
2 0.146875 0.39609375 0.0140625 0.01171875
2 0.14609375 0.41484375 0.0109375 0.0109375
2 0.1453125 0.42734375 0.01328125 0.0109375
2 0.13046875 0.44609375 0.0125 0.01171875
2 0.171875 0.40859375 0.01171875 0.01171875
2 0.1890625 0.40234375 0.01171875 0.015625
2 0.1953125 0.421875 0.009375 0.0109375
2 0.18046875 0.4328125 0.00625 0.0109375
2 0.18984375 0.4578125 0.01328125 0.01328125
2 0.184375 0.46875 0.0140625 0.0109375
2 0.20625 0.44453125 0.01015625 0.01015625
2 0.2203125 0.43515625 0.01171875 0.01171875
2 0.20859375 0.4109375 0.0125 0.0078125
2 0.25390625 0.39140625 0.00859375 0.01171875
2 0.24375 0.384375 0.00703125 0.0109375
2 0.228125 0.40390625 0.0078125 0.0109375
2 0.253125 0.4046875 0.0046875 0.0125
2 0.24609375 0.41328125 0.0078125 0.01171875
2 0.2484375 0.42578125 0.00546875 0.0109375
2 0.2859375 0.42578125 0.00859375 0.015625
2 0.3375 0.4359375 0.00859375 0.01171875
2 0.3515625 0.43046875 0.01015625 0.0109375
2 0.3578125 0.4171875 0.009375 0.009375
2 0.36328125 0.43046875 0.0078125 0.01015625
2 0.37421875 0.43046875 0.0109375 0.01328125
2 0.39140625 0.42890625 0.00859375 0.0125
2 0.40546875 0.4078125 0.01015625 0.0140625
2 0.40234375 0.42265625 0.0078125 0.01171875
2 0.41171875 0.42265625 0.00859375 0.0109375
2 0.30390625 0.52734375 0.009375 0.0140625
2 0.3921875 0.53125 0.00703125 0.0140625
2 0.47421875 0.5328125 0.0109375 0.01484375
2 0.48046875 0.42734375 0.01015625 0.01640625
2 0.5609375 0.43203125 0.00859375 0.01484375
2 0.590625 0.4328125 0.0078125 0.01328125
2 0.540625 0.40625 0.009375 0.01015625
2 0.5390625 0.41796875 0.00859375 0.01015625
2 0.59609375 0.41171875 0.0109375 0.0109375
1 0.65234375 0.5828125 0.00703125 0.03203125
1 0.65078125 0.6890625 0.0078125 0.03359375
1 0.4125 0.45703125 0.0203125 0.0125
1 0.50234375 0.45859375 0.01953125 0.01328125
2 0.42578125 0.37734375 0.00546875 0.01015625
2 0.4203125 0.38203125 0.00625 0.0140625
2 0.62421875 0.41015625 0.0078125 0.0140625
2 0.63203125 0.4203125 0.0078125 0.01015625
2 0.61171875 0.40859375 0.0078125 0.00703125
2 0.6125 0.41953125 0.00859375 0.0109375
2 0.64765625 0.40703125 0.00703125 0.01171875
2 0.64296875 0.4171875 0.00859375 0.01015625
2 0.65 0.42421875 0.01015625 0.00859375
2 0.6546875 0.440625 0.0109375 0.01328125
2 0.67265625 0.4046875 0.0078125 0.00859375
2 0.6671875 0.4140625 0.00859375 0.00859375
2 0.6671875 0.42578125 0.009375 0.0109375
2 0.6828125 0.41328125 0.00859375 0.01171875
2 0.67890625 0.425 0.01015625 0.01015625
2 0.69453125 0.41328125 0.0109375 0.0109375
2 0.69375 0.428125 0.009375 0.01171875
2 0.74609375 0.43671875 0.01171875 0.0125
2 0.75078125 0.4125 0.00703125 0.00859375
2 0.75078125 0.425 0.01484375 0.009375
2 0.734375 0.40859375 0.0125 0.009375
2 0.8265625 0.3765625 0.01328125 0.01484375
2 0.84296875 0.36640625 0.01171875 0.01484375
2 0.846875 0.38125 0.01328125 0.01171875
2 0.83515625 0.49453125 0.0078125 0.01171875
2 0.7953125 0.56640625 0.009375 0.01484375
2 0.94765625 0.30625 0.0109375 0.01484375
2 0.9890625 0.21171875 0.01640625 0.01796875
2 0.98515625 0.3296875 0.00859375 0.01015625
2 0.23125 0.53671875 0.0109375 0.0109375
2 0.040625 0.6140625 0.0171875 0.0140625
2 0.05390625 0.6390625 0.01484375 0.0140625
2 0.09765625 0.72421875 0.00859375 0.01015625
2 0.10234375 0.7359375 0.00546875 0.01015625
2 0.10546875 0.7234375 0.0078125 0.0125
2 0.1140625 0.72109375 0.0078125 0.0109375
2 0.115625 0.83125 0.01796875 0.0140625
2 0.28828125 0.3734375 0.00625 0.0109375
2 0.29609375 0.43046875 0.009375 0.01328125
2 0.4125 0.45703125 0.00625 0.01015625
2 0.6515625 0.690625 0.00546875 0.01015625
2 0.7125 0.8015625 0.0140625 0.02421875