0 0.64296875 0.60546875 0.05625 0.034375
0 0.31171875 0.5453125 0.053125 0.0375
0 0.303125 0.490625 0.053125 0.0453125
1 0.9140625 0.66484375 0.0109375 0.0359375
1 0.88828125 0.640625 0.0125 0.040625
1 0.878125 0.646875 0.00625 0.03125
1 0.86875 0.64140625 0.00625 0.034375
1 0.8609375 0.640625 0.00625 0.0359375
1 0.85234375 0.6421875 0.00625 0.0375
1 0.82890625 0.64140625 0.009375 0.034375
1 0.81796875 0.63828125 0.00625 0.0296875
1 0.79609375 0.628125 0.00625 0.034375
1 0.78828125 0.62734375 0.00625 0.0328125
1 0.78046875 0.625 0.00625 0.03125
1 0.76875 0.6265625 0.00625 0.03125
1 0.76171875 0.63203125 0.00625 0.0296875
1 0.74453125 0.63515625 0.00625 0.034375
1 0.7203125 0.63359375 0.0078125 0.028125
1 0.56015625 0.6265625 0.003125 0.015625
1 0.55234375 0.625 0.00625 0.01875
1 0.54609375 0.625 0.00625 0.021875
1 0.49921875 0.6125 0.0078125 0.034375
1 0.49921875 0.64453125 0.01875 0.0125
1 0.490625 0.61328125 0.00625 0.034375
1 0.46640625 0.6140625 0.00625 0.0328125
1 0.46015625 0.61484375 0.003125 0.0328125
1 0.453125 0.615625 0.00625 0.034375
1 0.3890625 0.62421875 0.00625 0.021875
1 0.3796875 0.621875 0.00625 0.021875
1 0.3703125 0.62109375 0.0078125 0.01875
1 0.34609375 0.61015625 0.00625 0.025
1 0.3265625 0.61328125 0.00625 0.021875
1 0.31328125 0.6140625 0.00625 0.01875
1 0.29765625 0.61953125 0.00625 0.0265625
1 0.2890625 0.61953125 0.0078125 0.028125
1 0.3203125 0.61484375 0.00625 0.0140625
1 0.2734375 0.61640625 0.00625 0.034375
1 0.2671875 0.621875 0.00625 0.03125
1 0.259375 0.61015625 0.00625 0.03125
1 0.25 0.609375 0.009375 0.0328125
1 0.23984375 0.61015625 0.0078125 0.03125
1 0.22890625 0.60859375 0.00625 0.034375
1 0.21875 0.609375 0.0078125 0.03125
1 0.2109375 0.628125 0.00625 0.03125
1 0.2015625 0.62890625 0.00625 0.0328125
1 0.19375 0.63125 0.00625 0.034375
1 0.2609375 0.54921875 0.021875 0.0125
1 0.2078125 0.54765625 0.021875 0.0125
2 0.21875 0.5859375 0.0125 0.015625
2 0.23828125 0.58515625 0.015625 0.0125
2 0.26015625 0.58828125 0.0125 0.009375
2 0.25390625 0.5765625 0.0078125 0.00625
2 0.2640625 0.57421875 0.009375 0.0109375
2 0.2734375 0.58671875 0.0125 0.0125
2 0.284375 0.590625 0.0078125 0.0109375
2 0.2921875 0.58515625 0.0078125 0.009375
2 0.2953125 0.571875 0.0109375 0.0140625
2 0.2984375 0.596875 0.0078125 0.0125
2 0.32265625 0.58671875 0.00625 0.0125
2 0.3453125 0.58515625 0.009375 0.0125
2 0.3609375 0.5828125 0.00625 0.009375
2 0.378125 0.58125 0.009375 0.0140625
2 0.39453125 0.5921875 0.009375 0.0125
2 0.4421875 0.5953125 0.0078125 0.0140625
2 0.44296875 0.58125 0.00625 0.0125
2 0.45859375 0.5890625 0.00625 0.009375
2 0.47109375 0.59140625 0.0078125 0.009375
2 0.475 0.58125 0.00625 0.0078125
2 0.4734375 0.57109375 0.0046875 0.009375
2 0.49375 0.55625 0.00625 0.0125
2 0.49765625 0.5703125 0.00625 0.0125
2 0.49765625 0.5875 0.00625 0.0125
2 0.48671875 0.5875 0.00625 0.009375
2 0.5078125 0.59453125 0.009375 0.0140625
2 0.5125 0.584375 0.00625 0.009375
2 0.5140625 0.5703125 0.00625 0.0125
2 0.525 0.58515625 0.00625 0.009375
2 0.52265625 0.60234375 0.009375 0.009375
2 0.52734375 0.575 0.0078125 0.009375
2 0.55859375 0.6140625 0.009375 0.009375
2 0.5578125 0.60234375 0.00625 0.0109375
2 0.5671875 0.61015625 0.0078125 0.0125
2 0.571875 0.571875 0.0078125 0.015625
2 0.6046875 0.62421875 0.00625 0.0125
2 0.603125 0.6 0.00625 0.0125
2 0.60703125 0.58359375 0.0078125 0.0109375
2 0.66796875 0.57734375 0.0078125 0.0125
2 0.65234375 0.5515625 0.009375 0.015625
2 0.56171875 0.53984375 0.0203125 0.015625
2 0.66484375 0.5546875 0.009375 0.0125
2 0.6765625 0.57421875 0.0078125 0.015625
2 0.67421875 0.56171875 0.00625 0.0078125
2 0.684375 0.5625 0.0078125 0.0125
2 0.68203125 0.55078125 0.0078125 0.0125
2 0.71796875 0.60546875 0.0125 0.0125
2 0.71484375 0.5921875 0.015625 0.0125
2 0.690625 0.6421875 0.00625 0.0125
2 0.6875 0.61875 0.009375 0.0140625
2 0.7375 0.60390625 0.0125 0.0125
2 0.73359375 0.590625 0.009375 0.009375
2 0.7625 0.59453125 0.0109375 0.0125
2 0.7640625 0.58125 0.009375 0.009375
2 0.7875 0.60078125 0.0125 0.0125
2 0.79296875 0.57890625 0.0125 0.0125
2 0.83671875 0.59453125 0.0125 0.0140625
2 0.871875 0.6078125 0.015625 0.015625
2 0.87265625 0.58828125 0.015625 0.0125
2 0.9328125 0.61328125 0.015625 0.0140625
2 0.8734375 0.4515625 0.0125 0.015625
2 0.33203125 0.44765625 0.009375 0.0109375
2 0.28671875 0.1953125 0.015625 0.021875
2 0.06015625 0.71015625 0.0140625 0.0125
2 0.06171875 0.69609375 0.015625 0.009375
2 0.08046875 0.68828125 0.015625 0.0125
2 0.07890625 0.67578125 0.01875 0.009375
1 0.0203125 0.6421875 0.015625 0.03125
1 0.35390625 0.37421875 0.009375 0.0375
1 0.38515625 0.434375 0.00625 0.03125
1 0.37734375 0.5125 0.01875 0.0140625
1 0.40625 0.478125 0.01875 0.0171875
1 0.45 0.49140625 0.01875 0.0125
1 0.39375 0.43671875 0.0078125 0.03125
1 0.4046875 0.43671875 0.00625 0.034375
1 0.4140625 0.440625 0.00625 0.040625
1 0.44375 0.4390625 0.00625 0.0328125
1 0.45 0.43203125 0.00625 0.03125
1 0.45625 0.4359375 0.0046875 0.0328125
1 0.4625 0.4375 0.00625 0.03125
1 0.46953125 0.4359375 0.00625 0.028125
1 0.4765625 0.4390625 0.0046875 0.03125
1 0.48984375 0.4328125 0.00625 0.03125
1 0.49609375 0.43515625 0.00625 0.03125
1 0.503125 0.4359375 0.00625 0.0328125
1 0.51171875 0.46953125 0.0078125 0.0375
1 0.53671875 0.4390625 0.00625 0.0296875
1 0.54609375 0.4390625 0.00625 0.028125
1 0.55546875 0.43984375 0.00625 0.03125
1 0.5859375 0.4375 0.00625 0.0296875
1 0.60625 0.43984375 0.00625 0.034375
1 0.60859375 0.48203125 0.01875 0.0109375
1 0.634375 0.50546875 0.021875 0.0125
1 0.61875 0.44296875 0.00625 0.034375
1 0.64453125 0.44296875 0.00625 0.03125
1 0.6546875 0.44921875 0.00625 0.025
1 0.6640625 0.4484375 0.00625 0.0234375
1 0.68203125 0.44765625 0.00625 0.021875
1 0.690625 0.44921875 0.00625 0.021875
1 0.70390625 0.446875 0.0078125 0.025
1 0.709375 0.50234375 0.0234375 0.0125
1 0.7109375 0.45390625 0.00625 0.021875
1 0.725 0.44609375 0.00625 0.025
1 0.71796875 0.43828125 0.00625 0.025
2 0.68515625 0.47734375 0.0125 0.0125
2 0.6796875 0.4671875 0.0125 0.0125
1 0.73515625 0.46953125 0.0203125 0.0234375
1 0.78671875 0.41171875 0.0140625 0.03125
1 0.90546875 0.3375 0.0171875 0.01875
2 0.95390625 0.0484375 0.015625 0.0125
2 0.94140625 0.26328125 0.015625 0.015625
2 0.91015625 0.33984375 0.0078125 0.01875
2 0.953125 0.36171875 0.015625 0.0125
2 0.78671875 0.4109375 0.0078125 0.0125
2 0.7390625 0.46875 0.00625 0.015625
2 0.7109375 0.5 0.009375 0.0125
2 0.6375 0.5046875 0.0078125 0.0140625
2 0.6109375 0.48359375 0.00625 0.0125
2 0.5609375 0.53984375 0.009375 0.0125
2 0.51171875 0.46796875 0.00625 0.015625
2 0.45 0.49140625 0.009375 0.0125
2 0.4046875 0.478125 0.009375 0.015625
2 0.37734375 0.51328125 0.0078125 0.0125
2 0.25859375 0.5484375 0.009375 0.0109375
2 0.20390625 0.546875 0.0125 0.0125
2 0.01640625 0.64375 0.009375 0.0125
2 0.359375 0.60234375 0.00625 0.0125