0 0.03125 0.3734375 0.0375 0.0421875
0 0.38515625 0.36328125 0.065625 0.053125
1 0.13515625 0.240625 0.015625 0.0328125
1 0.15390625 0.271875 0.01875 0.0375
1 0.1671875 0.26328125 0.0171875 0.0375
1 0.17421875 0.2734375 0.015625 0.0359375
1 0.18125 0.2765625 0.015625 0.034375
1 0.1890625 0.278125 0.015625 0.0328125
1 0.2125 0.284375 0.0171875 0.0328125
1 0.221875 0.28828125 0.0140625 0.028125
1 0.24140625 0.30390625 0.0140625 0.03125
1 0.2484375 0.3078125 0.0140625 0.03125
1 0.25625 0.30859375 0.0140625 0.0328125
1 0.2671875 0.31015625 0.015625 0.034375
1 0.27421875 0.309375 0.0125 0.0296875
1 0.2921875 0.3109375 0.0171875 0.034375
1 0.3171875 0.31484375 0.015625 0.03125
1 0.471875 0.35859375 0.0125 0.0265625
1 0.47890625 0.36015625 0.0125 0.028125
1 0.4859375 0.36171875 0.0140625 0.0296875
1 0.52734375 0.38984375 0.015625 0.0359375
1 0.53515625 0.359375 0.0234375 0.01875
1 0.5359375 0.39296875 0.0140625 0.03125
1 0.56015625 0.39609375 0.0140625 0.0359375
1 0.56640625 0.39609375 0.0125 0.034375
1 0.57109375 0.39765625 0.0125 0.0328125
1 0.6546875 0.41015625 0.0109375 0.0203125
1 0.646875 0.40859375 0.0109375 0.021875
1 0.6375 0.403125 0.0109375 0.021875
1 0.67421875 0.4296875 0.0109375 0.021875
1 0.7265625 0.42890625 0.015625 0.03125
1 0.73359375 0.43125 0.0140625 0.03125
1 0.74765625 0.4375 0.0140625 0.0328125
1 0.7546875 0.43515625 0.0140625 0.03125
1 0.76015625 0.44765625 0.015625 0.0359375
1 0.76875 0.44921875 0.0171875 0.0359375
1 0.778125 0.45390625 0.015625 0.0328125
1 0.7890625 0.45703125 0.015625 0.0328125
1 0.8 0.45625 0.015625 0.0328125
1 0.8109375 0.4421875 0.015625 0.034375
1 0.8203125 0.44296875 0.0171875 0.034375
1 0.828125 0.44296875 0.015625 0.0375
1 0.70859375 0.43046875 0.009375 0.01875
1 0.70234375 0.4265625 0.009375 0.0171875
1 0.9671875 0.42734375 0.025 0.0296875
1 0.83125 0.5703125 0.0203125 0.01875
1 0.8796875 0.5546875 0.025 0.03125
1 0.5953125 0.5875 0.015625 0.034375
1 0.5875 0.5828125 0.0171875 0.0359375
1 0.5765625 0.58359375 0.0171875 0.0359375
1 0.56953125 0.57734375 0.015625 0.0359375
1 0.53984375 0.57109375 0.015625 0.034375
1 0.53203125 0.57578125 0.015625 0.034375
1 0.5265625 0.571875 0.0140625 0.0328125
1 0.51953125 0.56953125 0.0140625 0.0328125
1 0.5140625 0.5671875 0.0125 0.03125
1 0.50703125 0.56328125 0.0140625 0.03125
1 0.5515625 0.51328125 0.0234375 0.01875
1 0.49296875 0.565625 0.015625 0.0328125
1 0.48671875 0.56171875 0.0140625 0.03125
1 0.48046875 0.5609375 0.0140625 0.0328125
1 0.4734375 0.56015625 0.015625 0.034375
1 0.48125 0.46015625 0.021875 0.01875
1 0.44921875 0.5484375 0.015625 0.0328125
1 0.4390625 0.54609375 0.0140625 0.03125
1 0.43203125 0.5421875 0.0140625 0.03125
1 0.4015625 0.5375 0.0125 0.03125
1 0.38125 0.53046875 0.015625 0.0359375
1 0.3703125 0.52578125 0.015625 0.0359375
1 0.3453125 0.51875 0.015625 0.0328125
1 0.33515625 0.51328125 0.0140625 0.0328125
1 0.32734375 0.51015625 0.0109375 0.0234375
1 0.3109375 0.50390625 0.0125 0.0234375
1 0.3015625 0.5046875 0.0109375 0.0234375
1 0.29453125 0.4984375 0.0140625 0.0296875
1 0.28125 0.49609375 0.0125 0.03125
1 0.26640625 0.49921875 0.0125 0.0296875
1 0.27265625 0.50390625 0.0109375 0.0234375
1 0.0453125 0.734375 0.0203125 0.0390625
2 0.053125 0.62578125 0.015625 0.015625
2 0.053125 0.5953125 0.0140625 0.0140625
2 0.0453125 0.60625 0.0078125 0.009375
2 0.05546875 0.609375 0.0171875 0.0140625
2 0.1390625 0.51875 0.015625 0.0140625
2 0.1421875 0.5046875 0.0171875 0.0171875
2 0.0625 0.55390625 0.015625 0.015625
2 0.0625 0.53671875 0.0171875 0.0171875
2 0.0515625 0.521875 0.0171875 0.0125
2 0.0390625 0.53671875 0.0140625 0.0125
2 0.03046875 0.4671875 0.0171875 0.0171875
2 0.046875 0.54296875 0.0109375 0.0125
2 0.05078125 0.53203125 0.009375 0.009375
2 0.0703125 0.30625 0.01875 0.015625
2 0.0390625 0.328125 0.01875 0.015625
2 0.08203125 0.28046875 0.015625 0.0140625
2 0.0890625 0.271875 0.01875 0.015625
2 0.1296875 0.2875 0.0171875 0.0140625
2 0.12265625 0.3109375 0.0203125 0.01875
2 0.1796875 0.31328125 0.01875 0.015625
2 0.17578125 0.35 0.0125 0.0171875
2 0.203125 0.32421875 0.01875 0.015625
2 0.2 0.33671875 0.015625 0.0109375
2 0.20234375 0.34765625 0.0125 0.0125
2 0.22109375 0.3328125 0.0140625 0.0140625
2 0.21875 0.34453125 0.0125 0.0125
2 0.21796875 0.35703125 0.015625 0.0125
2 0.23828125 0.3671875 0.015625 0.0171875
2 0.23984375 0.34765625 0.0140625 0.015625
2 0.24296875 0.33515625 0.0125 0.0140625
2 0.253125 0.33984375 0.0140625 0.0140625
2 0.25234375 0.35078125 0.0125 0.0125
2 0.2640625 0.346875 0.0140625 0.0140625
2 0.2609375 0.35859375 0.0125 0.0125
2 0.2734375 0.35703125 0.0125 0.0125
2 0.2703125 0.37109375 0.0140625 0.0140625
2 0.2921875 0.36875 0.009375 0.0109375
2 0.2890625 0.378125 0.0109375 0.0109375
2 0.3265625 0.38046875 0.0171875 0.015625
2 0.325 0.39296875 0.0140625 0.0125
2 0.39453125 0.39296875 0.009375 0.0125
2 0.40234375 0.39921875 0.009375 0.0109375
2 0.4078125 0.4078125 0.0109375 0.0140625
2 0.43125 0.4 0.0125 0.0125
2 0.42890625 0.41015625 0.009375 0.0109375
2 0.4703125 0.38984375 0.0078125 0.0109375
2 0.46875 0.4 0.0078125 0.009375
2 0.49609375 0.415625 0.009375 0.0109375
2 0.50234375 0.40234375 0.0109375 0.015625
2 0.51328125 0.40859375 0.0078125 0.0125
2 0.51328125 0.41953125 0.0078125 0.0109375
2 0.51796875 0.4265625 0.0078125 0.009375
2 0.5234375 0.4125 0.009375 0.0125
2 0.53359375 0.4171875 0.0125 0.015625
2 0.51015625 0.4421875 0.0109375 0.0171875
2 0.5390625 0.453125 0.0140625 0.015625
2 0.55078125 0.43046875 0.009375 0.0125
2 0.54921875 0.44296875 0.0109375 0.0109375
2 0.56640625 0.4296875 0.0109375 0.0140625
2 0.57734375 0.421875 0.0109375 0.0171875
2 0.58125 0.4375 0.015625 0.0140625
2 0.59453125 0.4359375 0.0109375 0.0140625
2 0.60625 0.4234375 0.009375 0.0140625
2 0.59375 0.45 0.0125 0.0125
2 0.6140625 0.43359375 0.0125 0.015625
2 0.66015625 0.478125 0.0171875 0.0171875
2 0.6625 0.446875 0.0125 0.015625
2 0.63671875 0.43515625 0.0125 0.0125
2 0.6265625 0.43828125 0.0125 0.0125
2 0.63671875 0.446875 0.0125 0.0125
2 0.63125 0.4625 0.0125 0.0125
2 0.75 0.46953125 0.009375 0.0140625
2 0.76328125 0.48125 0.015625 0.0171875
2 0.775 0.475 0.0125 0.0125
2 0.7703125 0.4890625 0.0125 0.0140625
2 0.74609375 0.484375 0.0109375 0.0125
2 0.8125 0.47734375 0.0171875 0.015625
2 0.8421875 0.4640625 0.015625 0.0125
2 0.8453125 0.47578125 0.0140625 0.0125
2 0.8328125 0.4796875 0.0140625 0.0171875
2 0.9734375 0.50390625 0.0140625 0.0140625
2 0.8796875 0.55859375 0.0125 0.0140625
2 0.6203125 0.64140625 0.0125 0.0125
2 0.634375 0.84375 0.01875 0.0265625
2 0.57734375 0.553125 0.0125 0.01875
2 0.5515625 0.54765625 0.0140625 0.0171875
2 0.55234375 0.51328125 0.0125 0.015625
2 0.47421875 0.52578125 0.015625 0.01875
2 0.4859375 0.46171875 0.0078125 0.015625
2 0.4796875 0.459375 0.0109375 0.015625
2 0.3296875 0.48671875 0.009375 0.015625
2 0.35234375 0.28125 0.0125 0.015625
2 0.3421875 0.2875 0.0109375 0.0125
2 0.359375 0.33203125 0.0125 0.0140625
2 0.9703125 0.42890625 0.0109375 0.009375