0 0.35703125 0.39453125 0.05625 0.03515625
0 0.68828125 0.4546875 0.053125 0.03828125
0 0.696875 0.509375 0.05390625 0.0453125
1 0.0859375 0.33515625 0.0109375 0.0359375
1 0.11171875 0.359375 0.01171875 0.040625
1 0.121875 0.353125 0.00703125 0.03203125
1 0.13125 0.35859375 0.00703125 0.03515625
1 0.1390625 0.359375 0.00546875 0.0359375
1 0.14765625 0.3578125 0.00703125 0.03671875
1 0.17109375 0.35859375 0.00859375 0.03515625
1 0.18203125 0.36171875 0.00625 0.0296875
1 0.20390625 0.371875 0.00703125 0.03359375
1 0.21171875 0.37265625 0.00625 0.0328125
1 0.21953125 0.375 0.00625 0.03046875
1 0.23125 0.3734375 0.00625 0.03203125
1 0.23828125 0.36796875 0.00703125 0.0296875
1 0.25546875 0.36484375 0.00703125 0.034375
1 0.2796875 0.36640625 0.0078125 0.028125
1 0.43984375 0.3734375 0.00390625 0.01640625
1 0.44765625 0.375 0.00546875 0.01953125
1 0.45390625 0.375 0.00546875 0.021875
1 0.50078125 0.3875 0.0078125 0.034375
1 0.50078125 0.35546875 0.01953125 0.01171875
1 0.509375 0.38671875 0.00625 0.034375
1 0.53359375 0.3859375 0.00625 0.0328125
1 0.53984375 0.38515625 0.00390625 0.0328125
1 0.546875 0.384375 0.00625 0.034375
1 0.6109375 0.37578125 0.00625 0.02265625
1 0.6203125 0.378125 0.00625 0.02109375
1 0.6296875 0.37890625 0.0078125 0.01953125
1 0.65390625 0.38984375 0.00625 0.02421875
1 0.6734375 0.38671875 0.00546875 0.02265625
1 0.68671875 0.3859375 0.00546875 0.01796875
1 0.70234375 0.38046875 0.00625 0.0265625
1 0.7109375 0.38046875 0.0078125 0.02734375
1 0.6796875 0.38515625 0.00546875 0.0140625
1 0.7265625 0.38359375 0.00546875 0.034375
1 0.7328125 0.378125 0.00546875 0.03203125
1 0.740625 0.38984375 0.00703125 0.03046875
1 0.75 0.390625 0.00859375 0.0328125
1 0.76015625 0.38984375 0.0078125 0.03125
1 0.77109375 0.39140625 0.00703125 0.03359375
1 0.78125 0.390625 0.0078125 0.03203125
1 0.7890625 0.371875 0.00546875 0.03125
1 0.7984375 0.37109375 0.00546875 0.0328125
1 0.80625 0.36875 0.00703125 0.034375
1 0.7390625 0.45078125 0.02109375 0.0125
1 0.7921875 0.45234375 0.02265625 0.01171875
2 0.78125 0.4140625 0.0125 0.01484375
2 0.76171875 0.41484375 0.01484375 0.01171875
2 0.73984375 0.41171875 0.0125 0.00859375
2 0.74609375 0.4234375 0.0078125 0.00703125
2 0.7359375 0.42578125 0.00859375 0.0109375
2 0.7265625 0.41328125 0.0125 0.01171875
2 0.715625 0.409375 0.0078125 0.0109375
2 0.7078125 0.41484375 0.0078125 0.009375
2 0.7046875 0.428125 0.0109375 0.0140625
2 0.7015625 0.403125 0.0078125 0.01171875
2 0.67734375 0.41328125 0.00625 0.01171875
2 0.6546875 0.41484375 0.00859375 0.0125
2 0.6390625 0.4171875 0.00625 0.009375
2 0.621875 0.41875 0.01015625 0.0140625
2 0.60546875 0.4078125 0.01015625 0.0125
2 0.5578125 0.4046875 0.0078125 0.0140625
2 0.55703125 0.41875 0.00546875 0.01171875
2 0.54140625 0.4109375 0.00546875 0.01015625
2 0.52890625 0.40859375 0.0078125 0.01015625
2 0.525 0.41875 0.00703125 0.0078125
2 0.5265625 0.42890625 0.0046875 0.009375
2 0.50625 0.44375 0.00703125 0.01171875
2 0.50234375 0.4296875 0.00625 0.0125
2 0.50234375 0.4125 0.00546875 0.0125
2 0.51328125 0.4125 0.00625 0.00859375
2 0.4921875 0.40546875 0.01015625 0.0140625
2 0.4875 0.415625 0.00546875 0.009375
2 0.4859375 0.4296875 0.00625 0.01328125
2 0.475 0.41484375 0.00703125 0.01015625
2 0.47734375 0.39765625 0.00859375 0.01015625
2 0.47265625 0.425 0.0078125 0.01015625
2 0.44140625 0.3859375 0.00859375 0.00859375
2 0.4421875 0.39765625 0.00703125 0.0109375
2 0.4328125 0.38984375 0.0078125 0.0125
2 0.428125 0.428125 0.0078125 0.015625
2 0.3953125 0.37578125 0.00546875 0.01328125
2 0.396875 0.4 0.00703125 0.0125
2 0.39296875 0.41640625 0.0078125 0.0109375
2 0.33203125 0.42265625 0.0078125 0.01328125
2 0.34765625 0.4484375 0.01015625 0.01640625
2 0.43828125 0.46015625 0.0203125 0.01484375
2 0.33515625 0.4453125 0.00859375 0.0125
2 0.3234375 0.42578125 0.0078125 0.01484375
2 0.32578125 0.43828125 0.00703125 0.0078125
2 0.315625 0.4375 0.0078125 0.01171875
2 0.31796875 0.44921875 0.0078125 0.0125
2 0.28203125 0.39453125 0.0125 0.01171875
2 0.28515625 0.4078125 0.015625 0.0125
2 0.309375 0.3578125 0.00703125 0.01171875
2 0.3125 0.38125 0.00859375 0.0140625
2 0.2625 0.39609375 0.0125 0.01328125
2 0.26640625 0.409375 0.01015625 0.01015625
2 0.2375 0.40546875 0.0109375 0.01328125
2 0.2359375 0.41875 0.009375 0.01015625
2 0.2125 0.39921875 0.01171875 0.01328125
2 0.20703125 0.42109375 0.0125 0.01328125
2 0.16328125 0.40546875 0.01328125 0.0140625
2 0.128125 0.3921875 0.01640625 0.015625
2 0.12734375 0.41171875 0.01484375 0.01171875
2 0.0671875 0.38671875 0.01484375 0.0140625
2 0.1265625 0.5484375 0.01328125 0.01484375
2 0.66796875 0.55234375 0.01015625 0.0109375
2 0.71328125 0.8046875 0.01484375 0.02265625
2 0.93984375 0.28984375 0.0140625 0.0125
2 0.93828125 0.30390625 0.01484375 0.009375
2 0.91953125 0.31171875 0.01640625 0.01171875
2 0.92109375 0.32421875 0.01796875 0.01015625
1 0.9796875 0.3578125 0.01484375 0.03203125
1 0.64609375 0.62578125 0.00859375 0.03671875
1 0.61484375 0.565625 0.00703125 0.03203125
1 0.62265625 0.4875 0.01875 0.0140625
1 0.59375 0.521875 0.01796875 0.0171875
1 0.55 0.50859375 0.01875 0.01328125
1 0.60625 0.56328125 0.0078125 0.03203125
1 0.5953125 0.56328125 0.00703125 0.03359375
1 0.5859375 0.559375 0.00703125 0.03984375
1 0.55625 0.5609375 0.00625 0.0328125
1 0.55 0.56796875 0.00625 0.03046875
1 0.54375 0.5640625 0.0046875 0.0328125
1 0.5375 0.5625 0.00546875 0.03046875
1 0.53046875 0.5640625 0.00625 0.028125
1 0.5234375 0.5609375 0.0046875 0.03046875
1 0.51015625 0.5671875 0.00625 0.03046875
1 0.50390625 0.56484375 0.00546875 0.03203125
1 0.496875 0.5640625 0.00625 0.0328125
1 0.48828125 0.53046875 0.0078125 0.0375
1 0.46328125 0.5609375 0.00625 0.0296875
1 0.45390625 0.5609375 0.00703125 0.02890625
1 0.44453125 0.56015625 0.00625 0.03125
1 0.4140625 0.5625 0.00625 0.0296875
1 0.39375 0.56015625 0.00625 0.034375
1 0.39140625 0.51796875 0.01796875 0.0109375
1 0.365625 0.49453125 0.021875 0.01171875
1 0.38125 0.55703125 0.00546875 0.034375
1 0.35546875 0.55703125 0.00703125 0.03203125
1 0.3453125 0.55078125 0.00625 0.02578125
1 0.3359375 0.5515625 0.00546875 0.0234375
1 0.31796875 0.55234375 0.00625 0.021875
1 0.309375 0.55078125 0.00625 0.02265625
1 0.29609375 0.553125 0.0078125 0.02421875
1 0.290625 0.49765625 0.0234375 0.0125
1 0.2890625 0.54609375 0.00546875 0.02265625
1 0.275 0.55390625 0.00546875 0.02421875
1 0.28203125 0.56171875 0.00625 0.02578125
2 0.31484375 0.52265625 0.0125 0.0125
2 0.3203125 0.5328125 0.01171875 0.01328125
1 0.26484375 0.53046875 0.0203125 0.0234375
1 0.21328125 0.58828125 0.0140625 0.03203125
1 0.09453125 0.6625 0.0171875 0.01953125
2 0.04609375 0.9515625 0.015625 0.01171875
2 0.05859375 0.73671875 0.01484375 0.01484375
2 0.08984375 0.66015625 0.0078125 0.01796875
2 0.046875 0.63828125 0.015625 0.0125
2 0.21328125 0.5890625 0.0078125 0.0125
2 0.2609375 0.53125 0.00546875 0.01484375
2 0.2890625 0.5 0.00859375 0.01328125
2 0.3625 0.4953125 0.0078125 0.0140625
2 0.3890625 0.51640625 0.00625 0.01328125
2 0.4390625 0.46015625 0.00859375 0.01328125
2 0.48828125 0.53203125 0.00625 0.01484375
2 0.55 0.50859375 0.00859375 0.01171875
2 0.5953125 0.521875 0.009375 0.01484375
2 0.62265625 0.48671875 0.0078125 0.01171875
2 0.74140625 0.4515625 0.00859375 0.0109375
2 0.79609375 0.453125 0.0125 0.01171875
2 0.98359375 0.35625 0.00859375 0.01328125
2 0.640625 0.39765625 0.00703125 0.01171875