0 0.63359375 0.38125 0.0578125 0.0421875
0 0.696875 0.46953125 0.059375 0.053125
1 0.9 0.29921875 0.0109375 0.034375
1 0.87578125 0.32734375 0.0125 0.0359375
1 0.86484375 0.31953125 0.0125 0.03125
1 0.85625 0.328125 0.009375 0.0296875
1 0.84765625 0.32890625 0.009375 0.0296875
1 0.83984375 0.33125 0.009375 0.0296875
1 0.81640625 0.33046875 0.0125 0.034375
1 0.80546875 0.33359375 0.009375 0.03125
1 0.78515625 0.34375 0.009375 0.0296875
1 0.77734375 0.34921875 0.009375 0.028125
1 0.76953125 0.346875 0.009375 0.03125
1 0.7578125 0.34765625 0.009375 0.03125
1 0.75 0.34609375 0.009375 0.0296875
1 0.73359375 0.34375 0.0109375 0.0328125
1 0.70703125 0.3453125 0.009375 0.0296875
1 0.584375 0.3828125 0.0171875 0.028125
1 0.54921875 0.3625 0.0078125 0.0265625
1 0.540625 0.36328125 0.0078125 0.0265625
1 0.534375 0.3625 0.00625 0.0265625
1 0.4890625 0.38671875 0.009375 0.03125
1 0.48671875 0.353125 0.0203125 0.015625
1 0.48046875 0.3875 0.0078125 0.0296875
1 0.45625 0.38671875 0.0078125 0.034375
1 0.45 0.3875 0.00625 0.0328125
1 0.44375 0.3875 0.0078125 0.034375
1 0.37890625 0.3828125 0.0078125 0.021875
1 0.36953125 0.38515625 0.0109375 0.021875
1 0.3609375 0.3859375 0.0078125 0.0203125
1 0.3375 0.40390625 0.00625 0.0234375
1 0.3265625 0.39453125 0.00625 0.015625
1 0.31875 0.39921875 0.00625 0.01875
1 0.3109375 0.396875 0.0046875 0.0140625
1 0.30390625 0.39921875 0.00625 0.0171875
1 0.2875 0.3953125 0.0109375 0.0296875
1 0.278125 0.3953125 0.0109375 0.0296875
1 0.26484375 0.39921875 0.009375 0.03125
1 0.25703125 0.39609375 0.0078125 0.0296875
1 0.25 0.40625 0.009375 0.0359375
1 0.24140625 0.4078125 0.0109375 0.034375
1 0.23125 0.41015625 0.0109375 0.0328125
1 0.2203125 0.4109375 0.009375 0.0328125
1 0.21015625 0.41015625 0.009375 0.03125
1 0.2015625 0.39375 0.009375 0.0328125
1 0.1921875 0.39296875 0.0078125 0.034375
1 0.18359375 0.3921875 0.009375 0.0328125
0 0.0220223453125 0.25091342656250004 0.018911814062499997 0.2558226515625 0.0190429265625 0.259454675 0.026751179687499998 0.302836828125 0.0244463046875 0.3020448828125 0.026669371874999997 0.306156590625 0.0285634046875 0.3086407828125 0.03420081875 0.328353165625 0.039711415625 0.33383355312499996 0.0520839953125 0.3304330125 0.056279753125 0.3144965 0.0220223453125 0.25091342656250004
0 0 0.42943188593750004 0.00527975 0.4173392734375 0.009232546875 0.41566896406250003 0.011505271875 0.41182663125 0.0110572171875 0.4045779125 0.0126476 0.4014579859375 0.011571317187500001 0.39128344375 0.0006041609375 0.3766735125 0 0.37664411875 0 0.42943188593750004
2 0.19609375 0.56015625 0.0140625 0.015625
2 0.98203125 0.359375 0.015625 0.01875
2 0.89296875 0.3703125 0.0125 0.0125
2 0.89296875 0.3828125 0.0140625 0.0109375
2 0.86171875 0.3546875 0.0109375 0.0140625
2 0.86171875 0.36875 0.0125 0.0109375
2 0.8703125 0.3921875 0.015625 0.0140625
2 0.84921875 0.403125 0.0125 0.0109375
2 0.85234375 0.41484375 0.0125 0.0140625
2 0.8359375 0.35625 0.015625 0.0140625
2 0.8359375 0.371875 0.0171875 0.0140625
2 0.8203125 0.40078125 0.015625 0.0125
2 0.7984375 0.3796875 0.0140625 0.0125
1 0.92109375 0.61484375 0.0171875 0.03125
1 0.87890625 0.590625 0.015625 0.0375
1 0.8625 0.57890625 0.0125 0.0375
1 0.8546875 0.603125 0.0171875 0.0359375
1 0.83828125 0.5546875 0.0140625 0.0375
1 0.81171875 0.57421875 0.0171875 0.0328125
1 0.7828125 0.5671875 0.01875 0.0296875
2 0.9234375 0.61484375 0.0140625 0.009375
2 0.93984375 0.64609375 0.015625 0.015625
2 0.94140625 0.6578125 0.0140625 0.0109375
2 0.89296875 0.69375 0.0125 0.009375
2 0.89140625 0.70546875 0.0125 0.0109375
2 0.87890625 0.5921875 0.0125 0.009375
2 0.8546875 0.60234375 0.0125 0.0140625
2 0.8390625 0.55859375 0.0125 0.0125
2 0.7859375 0.5671875 0.0109375 0.0171875
2 0.8140625 0.575 0.009375 0.015625
2 0.8609375 0.57890625 0.0140625 0.009375
2 0.775 0.37109375 0.0171875 0.0140625
2 0.79296875 0.3671875 0.0140625 0.0125
2 0.78046875 0.38203125 0.0078125 0.0078125
2 0.77265625 0.390625 0.0125 0.009375
2 0.7390625 0.37578125 0.0109375 0.0109375
2 0.7234375 0.36875 0.0125 0.0109375
2 0.725 0.38359375 0.0125 0.0125
2 0.65859375 0.35390625 0.0125 0.0140625
2 0.7203125 0.40546875 0.0125 0.0171875
1 0.75234375 0.440625 0.0203125 0.021875
2 0.7546875 0.44140625 0.009375 0.015625
1 0.71640625 0.42734375 0.0203125 0.0203125
2 0.71875 0.428125 0.009375 0.015625
2 0.71171875 0.4265625 0.0078125 0.0125
1 0.66640625 0.43046875 0.0203125 0.01875
2 0.6703125 0.4296875 0.0078125 0.0109375
2 0.66328125 0.43046875 0.0078125 0.0140625
2 0.60859375 0.415625 0.0109375 0.0109375
2 0.609375 0.4265625 0.0078125 0.0109375
2 0.59296875 0.36171875 0.0078125 0.0140625
2 0.5984375 0.4078125 0.009375 0.0125
2 0.58515625 0.40546875 0.009375 0.009375
2 0.5859375 0.41796875 0.0078125 0.0140625
1 0.58203125 0.44453125 0.0203125 0.0140625
2 0.584375 0.44453125 0.009375 0.01875
2 0.57421875 0.40390625 0.0078125 0.0171875
2 0.58515625 0.3828125 0.009375 0.0140625
2 0.5578125 0.37734375 0.009375 0.0125
2 0.56015625 0.39375 0.0046875 0.0078125
2 0.559375 0.41796875 0.0109375 0.0109375
2 0.5453125 0.41875 0.009375 0.015625
2 0.54453125 0.40078125 0.00625 0.0125
2 0.534375 0.39921875 0.0078125 0.015625
2 0.5328125 0.38515625 0.0078125 0.0109375
2 0.54140625 0.3828125 0.0078125 0.0125
2 0.55078125 0.38671875 0.009375 0.0109375
2 0.5078125 0.415625 0.0078125 0.0140625
2 0.49609375 0.40859375 0.00625 0.0140625
2 0.46640625 0.415625 0.009375 0.0125
2 0.4921875 0.43671875 0.0109375 0.0109375
2 0.43203125 0.41328125 0.0109375 0.0125
2 0.41328125 0.41640625 0.009375 0.0125
2 0.4046875 0.40234375 0.0109375 0.0140625
2 0.40859375 0.4375 0.0109375 0.0140625
2 0.3953125 0.41328125 0.00625 0.0125
2 0.38515625 0.41171875 0.0078125 0.0109375
2 0.36796875 0.40703125 0.0140625 0.0125
2 0.3875 0.4296875 0.00625 0.015625
2 0.36875 0.4265625 0.009375 0.0140625
2 0.36171875 0.42734375 0.0078125 0.0125
2 0.35 0.43671875 0.009375 0.0125
2 0.3203125 0.44296875 0.0140625 0.0109375
2 0.26171875 0.44609375 0.009375 0.0140625
2 0.21953125 0.43359375 0.0125 0.0109375
2 0.22265625 0.44453125 0.0140625 0.0109375
2 0.3484375 0.57734375 0.0109375 0.0171875
2 0.38828125 0.59765625 0.0078125 0.0125
2 0.41953125 0.5890625 0.0078125 0.0109375
2 0.10625 0.37578125 0.015625 0.0125
2 0.10390625 0.38828125 0.0140625 0.0125
2 0.08828125 0.35 0.0140625 0.0140625
2 0.11015625 0.428125 0.0125 0.0171875
1 0.39140625 0.57109375 0.009375 0.03125
1 0.4 0.5671875 0.0109375 0.034375
1 0.41015625 0.571875 0.0109375 0.0390625
1 0.41953125 0.5640625 0.009375 0.0328125
1 0.4484375 0.5640625 0.009375 0.03125
1 0.45625 0.56953125 0.009375 0.0328125
1 0.46171875 0.5671875 0.009375 0.0328125
1 0.46875 0.56328125 0.0078125 0.0296875
2 0.47265625 0.5296875 0.009375 0.0109375
1 0.475 0.5640625 0.009375 0.03125
1 0.4828125 0.559375 0.0078125 0.0296875
1 0.49609375 0.56484375 0.009375 0.03125
1 0.50234375 0.56171875 0.0078125 0.0296875
1 0.50859375 0.56171875 0.009375 0.03125
1 0.51640625 0.55859375 0.009375 0.0359375
1 0.54140625 0.55625 0.009375 0.028125
1 0.5515625 0.5546875 0.009375 0.028125
1 0.56015625 0.5515625 0.009375 0.0296875
1 0.590625 0.5515625 0.009375 0.028125
1 0.6109375 0.5484375 0.0078125 0.0359375
1 0.6234375 0.54453125 0.0078125 0.0328125
1 0.6484375 0.54140625 0.009375 0.0328125
1 0.66015625 0.53515625 0.009375 0.0265625
1 0.6671875 0.53515625 0.0078125 0.0234375
1 0.6859375 0.53203125 0.009375 0.028125
1 0.69453125 0.534375 0.0078125 0.0234375
1 0.7015625 0.5296875 0.009375 0.028125
2 0.7015625 0.52421875 0.0078125 0.0140625
1 0.7109375 0.5421875 0.009375 0.0328125
1 0.71484375 0.5296875 0.009375 0.03125
1 0.7234375 0.540625 0.009375 0.0328125
1 0.7296875 0.53515625 0.009375 0.034375
2 0.63125 0.521875 0.0109375 0.0109375
2 0.621875 0.5140625 0.0109375 0.009375
2 0.61796875 0.52421875 0.0109375 0.0109375
2 0.640625 0.5265625 0.009375 0.0109375
2 0.6390625 0.5125 0.009375 0.01875
1 0.68203125 0.20390625 0.0125 0.0390625
2 0.31328125 0.81796875 0.015625 0.0234375