1 0.109375 0.3625 0.01015625 0.0328125
1 0.11875 0.353125 0.00859375 0.0296875
1 0.1140625 0.83203125 0.0109375 0.0359375
0 0.35546875 0.39296875 0.05625 0.03984375
1 0.08203125 0.334375 0.00859375 0.0328125
1 0.12734375 0.3578125 0.0078125 0.034375
1 0.13671875 0.35859375 0.0078125 0.03203125
1 0.14453125 0.35859375 0.00703125 0.03359375
1 0.16953125 0.35703125 0.00859375 0.034375
1 0.17890625 0.359375 0.009375 0.03125
1 0.2 0.36953125 0.0078125 0.03203125
1 0.20859375 0.37265625 0.00703125 0.0296875
1 0.215625 0.37109375 0.0078125 0.03125
1 0.22734375 0.371875 0.0078125 0.03125
1 0.2359375 0.3671875 0.00625 0.0328125
1 0.25234375 0.3640625 0.01015625 0.034375
1 0.278125 0.36328125 0.00859375 0.028125
1 0.43828125 0.36796875 0.00546875 0.02421875
1 0.44609375 0.36875 0.00546875 0.025
1 0.453125 0.36875 0.00625 0.0296875
1 0.49921875 0.3859375 0.0078125 0.03203125
1 0.50859375 0.3859375 0.00703125 0.03046875
1 0.53203125 0.3828125 0.00625 0.0375
1 0.53828125 0.3828125 0.00625 0.03359375
1 0.5453125 0.3828125 0.00703125 0.034375
1 0.725 0.38046875 0.00703125 0.034375
1 0.709375 0.37890625 0.00703125 0.0296875
1 0.7015625 0.37734375 0.00703125 0.02734375
1 0.73125 0.3765625 0.00625 0.0296875
1 0.7390625 0.3859375 0.00703125 0.03515625
1 0.7484375 0.38671875 0.00859375 0.034375
1 0.75859375 0.38671875 0.00703125 0.034375
1 0.7703125 0.38671875 0.00625 0.0375
1 0.7796875 0.384375 0.00859375 0.03359375
1 0.78828125 0.3671875 0.00625 0.03046875
1 0.79765625 0.36875 0.00546875 0.0328125
1 0.8046875 0.36640625 0.00703125 0.03203125
1 0.6859375 0.38203125 0.0046875 0.0171875
1 0.678125 0.38125 0.00546875 0.0140625
1 0.65234375 0.38984375 0.00625 0.021875
1 0.61015625 0.3734375 0.00546875 0.01875
1 0.61953125 0.375 0.00859375 0.01875
1 0.628125 0.37578125 0.00703125 0.01796875
1 0.953125 0.2640625 0.0078125 0.03828125
1 0.96796875 0.278125 0.00859375 0.040625
1 0.95 0.31796875 0.01015625 0.034375
1 0.9234375 0.3296875 0.0140625 0.0375
1 0.88125 0.40546875 0.01875 0.0265625
1 0.6125 0.5609375 0.00703125 0.03515625
1 0.6046875 0.5578125 0.0078125 0.03515625
1 0.59453125 0.5625 0.00859375 0.03359375
1 0.5859375 0.559375 0.00625 0.03359375
1 0.55546875 0.5578125 0.0078125 0.03203125
1 0.55 0.56484375 0.00625 0.0328125
1 0.5421875 0.56328125 0.00625 0.03125
1 0.5359375 0.5609375 0.00546875 0.03046875
1 0.52890625 0.5625 0.00703125 0.0328125
1 0.52109375 0.56015625 0.00546875 0.0328125
1 0.50859375 0.5640625 0.00703125 0.03046875
1 0.50234375 0.56171875 0.00625 0.03125
1 0.49609375 0.5640625 0.00625 0.03125
1 0.48828125 0.5625 0.00625 0.03203125
1 0.4625 0.559375 0.00703125 0.02890625
1 0.453125 0.559375 0.00703125 0.0265625
1 0.44375 0.55703125 0.00703125 0.03046875
1 0.41328125 0.56015625 0.00625 0.02890625
1 0.39296875 0.55859375 0.00625 0.03515625
1 0.3796875 0.5546875 0.00703125 0.034375
1 0.35390625 0.55546875 0.0078125 0.03203125
1 0.34296875 0.55078125 0.00703125 0.0296875
1 0.33515625 0.55078125 0.00625 0.0234375
1 0.31640625 0.5453125 0.00703125 0.0203125
1 0.30859375 0.5484375 0.00546875 0.01875
1 0.29921875 0.54375 0.00703125 0.021875
1 0.28671875 0.54375 0.00625 0.02265625
1 0.271875 0.55234375 0.00546875 0.03203125
1 0.2796875 0.55703125 0.00625 0.021875
1 0.1140625 0.7203125 0.009375 0.02890625
1 0.97265625 0.09375 0.01015625 0.03671875
2 0.01015625 0.34140625 0.01953125 0.0140625
2 0.0109375 0.35625 0.0125 0.01328125
2 0.03515625 0.3828125 0.01171875 0.01171875
2 0.05078125 0.38125 0.01640625 0.01875
2 0.0578125 0.40859375 0.0171875 0.01484375
2 0.059375 0.42421875 0.0140625 0.01328125
2 0.071875 0.39375 0.0125 0.0125
2 0.08515625 0.42890625 0.01484375 0.015625
2 0.07265625 0.46015625 0.01953125 0.01484375
2 0.08984375 0.4 0.0125 0.01015625
2 0.12890625 0.38515625 0.0125 0.01328125
2 0.11015625 0.3984375 0.0125 0.0125
2 0.1125 0.4109375 0.0140625 0.01015625
2 0.12734375 0.4015625 0.01015625 0.0125
2 0.1296875 0.41640625 0.0125 0.01015625
2 0.14453125 0.4234375 0.01640625 0.0109375
2 0.16328125 0.4125 0.015625 0.0125
2 0.1796875 0.38984375 0.0109375 0.0125
2 0.20703125 0.39609375 0.0109375 0.0109375
2 0.2171875 0.39609375 0.0078125 0.0125
2 0.1703125 0.43828125 0.01640625 0.01328125
2 0.17265625 0.48203125 0.01015625 0.01171875
2 0.09453125 0.5578125 0.01796875 0.01328125
2 0.1140625 0.59375 0.0125 0.0125
2 0.0703125 0.59296875 0.01171875 0.00859375
2 0.05703125 0.6203125 0.015625 0.0125
2 0.03125 0.62109375 0.01640625 0.0125
2 0.1703125 0.609375 0.01171875 0.0078125
2 0.17421875 0.59609375 0.01328125 0.01171875
2 0.18671875 0.60546875 0.0140625 0.01015625
2 0.23046875 0.5734375 0.01171875 0.0125
2 0.09296875 0.71484375 0.0140625 0.009375
2 0.0953125 0.70234375 0.0109375 0.01328125
2 0.103125 0.728125 0.01015625 0.00859375
2 0.2875 0.5109375 0.01015625 0.015625
2 0.3515625 0.4859375 0.00859375 0.0171875
2 0.26796875 0.42265625 0.01015625 0.01328125
2 0.2421875 0.4171875 0.01328125 0.0125
2 0.275 0.4046875 0.0125 0.01015625
2 0.278125 0.39296875 0.01171875 0.01171875
2 0.27890625 0.41484375 0.00859375 0.009375
2 0.30625 0.35625 0.00625 0.01171875
2 0.3125 0.36875 0.0078125 0.01171875
2 0.95703125 0.259375 0.01015625 0.009375
2 0.88359375 0.40390625 0.00859375 0.0140625
2 0.90390625 0.30625 0.01171875 0.02265625
2 0.89765625 0.32578125 0.015625 0.01328125
2 0.8890625 0.34453125 0.01640625 0.01640625
2 0.86484375 0.37578125 0.0125 0.0140625
2 0.8609375 0.3625 0.01328125 0.01328125
2 0.85 0.378125 0.009375 0.01015625
2 0.84609375 0.35859375 0.01171875 0.0140625
2 0.8359375 0.36875 0.009375 0.00859375
2 0.8234375 0.38125 0.01484375 0.01484375
2 0.83828125 0.378125 0.01328125 0.0125
2 0.81796875 0.3953125 0.0125 0.0125
2 0.82421875 0.40546875 0.01484375 0.0109375
2 0.79921875 0.40625 0.0125 0.0109375
2 0.8046875 0.41640625 0.0125 0.00859375
2 0.78984375 0.4375 0.015625 0.0125
2 0.790625 0.421875 0.0125 0.01328125
2 0.4375 0.3859375 0.00703125 0.0125
2 0.446875 0.39453125 0.00859375 0.0125
2 0.44296875 0.4140625 0.009375 0.01328125
2 0.4546875 0.40625 0.00859375 0.01171875
2 0.484375 0.40234375 0.0078125 0.01171875
2 0.4765625 0.40234375 0.00625 0.0109375
2 0.46796875 0.40703125 0.00859375 0.009375
2 0.46875 0.4171875 0.01015625 0.009375
2 0.5 0.40703125 0.00859375 0.00859375
2 0.49765625 0.41640625 0.0046875 0.009375
2 0.50390625 0.42265625 0.00703125 0.00859375
2 0.50703125 0.43515625 0.0078125 0.01171875
2 0.52578125 0.4109375 0.00625 0.0109375
2 0.528125 0.42421875 0.00546875 0.0125
2 0.53828125 0.40546875 0.009375 0.0109375
2 0.53984375 0.41875 0.0109375 0.0125
2 0.553125 0.40703125 0.00625 0.01015625
2 0.55546875 0.4359375 0.009375 0.01484375
2 0.55546875 0.41953125 0.0046875 0.0109375
2 0.57890625 0.39921875 0.00703125 0.0109375
2 0.57734375 0.41171875 0.00703125 0.01171875
2 0.5859375 0.43984375 0.01015625 0.01328125
2 0.590625 0.41328125 0.00703125 0.01171875
2 0.59140625 0.40234375 0.00703125 0.01015625
2 0.66796875 0.40859375 0.01171875 0.00859375
2 0.66796875 0.4203125 0.009375 0.01015625
2 0.68203125 0.4296875 0.01171875 0.01171875
2 0.75625 0.44140625 0.0109375 0.01015625
2 0.7453125 0.42890625 0.00859375 0.0125
2 0.728125 0.41328125 0.01171875 0.0125
2 0.75703125 0.425 0.0109375 0.009375
2 0.771875 0.4171875 0.01171875 0.00859375
2 0.77109375 0.428125 0.01015625 0.01015625
2 0.7546875 0.41640625 0.0109375 0.00703125
2 0.759375 0.4078125 0.00703125 0.0078125
2 0.92734375 0.328125 0.0109375 0.0125
2 0.9546875 0.3125 0.0125 0.01015625
1 0.7046875 0.4671875 0.02265625 0.015625
2 0.70546875 0.46640625 0.00703125 0.01328125
2 0.69296875 0.54609375 0.01171875 0.0171875
2 0.58671875 0.52578125 0.0109375 0.0109375
2 0.5859375 0.5359375 0.00859375 0.009375