0 0.64296875 0.39375 0.05625 0.0375
0 0.77578125 0.54453125 0.046875 0.0890625
1 0.85859375 0.515625 0.021875 0.025
1 0.8875 0.36171875 0.009375 0.034375
1 0.87890625 0.35078125 0.009375 0.0359375
1 0.8703125 0.359375 0.00625 0.03125
1 0.86015625 0.36015625 0.00625 0.03125
1 0.85234375 0.3609375 0.00625 0.03125
1 0.83046875 0.35625 0.009375 0.034375
1 0.8171875 0.36015625 0.0078125 0.03125
1 0.796875 0.3703125 0.0078125 0.03125
1 0.78828125 0.37421875 0.0078125 0.0296875
1 0.78046875 0.37109375 0.009375 0.034375
1 0.77109375 0.37109375 0.009375 0.0359375
1 0.76171875 0.3671875 0.009375 0.0359375
1 0.74609375 0.3640625 0.0109375 0.034375
1 0.71953125 0.36328125 0.0078125 0.0296875
1 0.8140625 0.53359375 0.0171875 0.03125
1 0.73828125 0.46796875 0.01875 0.0171875
1 0.7265625 0.5546875 0.009375 0.0328125
1 0.71875 0.5625 0.00625 0.03125
1 0.7125 0.54765625 0.00625 0.0328125
1 0.70625 0.5625 0.00625 0.034375
1 0.64375 0.5546875 0.0078125 0.0328125
1 0.6546875 0.5515625 0.0078125 0.0328125
1 0.66328125 0.55 0.00625 0.025
1 0.68203125 0.54765625 0.00625 0.0265625
1 0.6890625 0.54921875 0.00625 0.021875
1 0.6984375 0.54921875 0.0078125 0.025
1 0.61875 0.55546875 0.00625 0.034375
1 0.60625 0.55625 0.00625 0.0359375
1 0.5546875 0.55546875 0.00625 0.034375
1 0.58515625 0.55625 0.00625 0.028125
1 0.54609375 0.5578125 0.00625 0.028125
1 0.5359375 0.55859375 0.00625 0.0328125
1 0.51171875 0.5609375 0.0078125 0.0328125
1 0.503125 0.56328125 0.00625 0.03125
1 0.496875 0.56171875 0.00625 0.03125
1 0.48984375 0.56328125 0.00625 0.034375
1 0.478125 0.55859375 0.00625 0.03125
1 0.46953125 0.5609375 0.00625 0.0328125
1 0.4625 0.55859375 0.0046875 0.0296875
1 0.45625 0.5609375 0.00625 0.03125
1 0.44921875 0.56484375 0.00625 0.0328125
1 0.44375 0.5578125 0.00625 0.0328125
1 0.4140625 0.5578125 0.00625 0.034375
1 0.4046875 0.5578125 0.00625 0.028125
1 0.39453125 0.55859375 0.0078125 0.03125
1 0.38515625 0.56015625 0.0078125 0.034375
1 0.19375 0.36484375 0.00625 0.03125
1 0.2015625 0.36796875 0.0078125 0.0328125
1 0.2109375 0.36796875 0.0078125 0.03125
1 0.21875 0.3859375 0.0078125 0.03125
1 0.228125 0.3875 0.00625 0.03125
1 0.23984375 0.38671875 0.0078125 0.03125
1 0.25 0.3875 0.009375 0.03125
1 0.259375 0.3859375 0.0078125 0.03125
1 0.2671875 0.37421875 0.00625 0.03125
1 0.2734375 0.3796875 0.00625 0.0328125
1 0.2890625 0.37578125 0.0078125 0.034375
1 0.296875 0.37578125 0.009375 0.03125
1 0.31328125 0.38203125 0.00625 0.015625
1 0.3203125 0.3796875 0.00625 0.015625
1 0.32734375 0.3828125 0.00625 0.0203125
1 0.34609375 0.3890625 0.00625 0.021875
1 0.3703125 0.375 0.0078125 0.021875
1 0.3796875 0.375 0.009375 0.021875
1 0.38828125 0.37265625 0.00625 0.0171875
1 0.453125 0.38359375 0.00625 0.0328125
1 0.459375 0.38203125 0.00625 0.034375
1 0.465625 0.38203125 0.00625 0.0375
1 0.49921875 0.353125 0.0203125 0.0125
1 0.48984375 0.384375 0.00625 0.0296875
1 0.49921875 0.3859375 0.009375 0.03125
1 0.5453125 0.36953125 0.00625 0.03125
1 0.553125 0.36796875 0.00625 0.03125
1 0.5609375 0.3671875 0.00625 0.025
1 0.59453125 0.390625 0.0171875 0.025
1 0.61484375 0.46328125 0.01875 0.015625
1 0.53828125 0.45390625 0.01875 0.015625
1 0.48359375 0.45703125 0.01875 0.015625
1 0.4015625 0.4625 0.01875 0.0171875
1 0.271875 0.453125 0.021875 0.015625
1 0.04453125 0.48671875 0.0203125 0.015625
2 0.9328125 0.7484375 0.0125 0.0171875
2 0.90859375 0.64375 0.0125 0.0125
2 0.90859375 0.65859375 0.015625 0.0125
2 0.90390625 0.7296875 0.015625 0.0125
2 0.91015625 0.740625 0.009375 0.0109375
2 0.903125 0.74765625 0.0140625 0.0125
2 0.88203125 0.690625 0.009375 0.0109375
2 0.871875 0.67421875 0.015625 0.0125
2 0.93671875 0.52109375 0.0125 0.015625
2 0.98515625 0.40859375 0.015625 0.0125
2 0.984375 0.4203125 0.015625 0.0078125
2 0.96171875 0.41796875 0.0171875 0.0125
2 0.95859375 0.40546875 0.01875 0.015625
2 0.9546875 0.38828125 0.015625 0.0125
2 0.95625 0.37265625 0.0125 0.015625
2 0.93984375 0.38671875 0.0109375 0.0109375
2 0.93359375 0.40234375 0.01875 0.015625
1 0.9140625 0.33515625 0.009375 0.03125
2 0.88671875 0.40078125 0.0125 0.0125
2 0.8796875 0.38671875 0.015625 0.0125
2 0.86171875 0.39453125 0.015625 0.0125
2 0.86171875 0.4109375 0.0140625 0.01875
2 0.828125 0.39453125 0.0125 0.0125
2 0.8140625 0.39453125 0.0109375 0.0125
2 0.81328125 0.41015625 0.0125 0.0125
2 0.7765625 0.4359375 0.0125 0.015625
2 0.7390625 0.39765625 0.0125 0.0125
2 0.7390625 0.38515625 0.0109375 0.009375
2 0.73671875 0.41015625 0.015625 0.0125
2 0.7234375 0.440625 0.0125 0.015625
2 0.7015625 0.3921875 0.0109375 0.015625
2 0.7109375 0.36796875 0.0046875 0.009375
2 0.7046875 0.37421875 0.009375 0.0125
2 0.690625 0.3734375 0.0078125 0.0125
2 0.68046875 0.41328125 0.0109375 0.0109375
2 0.68125 0.42734375 0.009375 0.0125
2 0.67890625 0.43828125 0.0078125 0.009375
1 0.67578125 0.45859375 0.01875 0.015625
2 0.66640625 0.41796875 0.009375 0.009375
2 0.665625 0.42890625 0.009375 0.009375
2 0.6515625 0.4234375 0.0078125 0.015625
2 0.6421875 0.43203125 0.00625 0.0109375
2 0.63671875 0.44765625 0.009375 0.015625
2 0.69765625 0.53203125 0.009375 0.0125
2 0.61875 0.53046875 0.009375 0.0125
2 0.63125 0.43125 0.009375 0.009375
2 0.61328125 0.428125 0.0078125 0.0125
2 0.59296875 0.425 0.0078125 0.0125
2 0.56796875 0.403125 0.0078125 0.0140625
2 0.55234375 0.3921875 0.009375 0.015625
2 0.60390625 0.36953125 0.00625 0.0125
2 0.59609375 0.36875 0.00625 0.0140625
2 0.5296875 0.4 0.0109375 0.015625
2 0.50546875 0.40859375 0.009375 0.0125
2 0.49296875 0.42890625 0.009375 0.0125
2 0.4890625 0.41484375 0.009375 0.0140625
2 0.48203125 0.4015625 0.0078125 0.0125
2 0.4734375 0.40703125 0.0046875 0.0109375
2 0.4640625 0.409375 0.00625 0.0109375
2 0.45703125 0.42578125 0.0125 0.0125
2 0.44609375 0.4046875 0.00625 0.0125
2 0.43828125 0.39140625 0.009375 0.015625
2 0.43125 0.4078125 0.009375 0.0140625
2 0.43984375 0.41484375 0.0078125 0.0140625
2 0.4171875 0.43046875 0.00625 0.0125
2 0.40859375 0.42890625 0.00625 0.0140625
2 0.3578125 0.4078125 0.009375 0.015625
2 0.35625 0.4390625 0.009375 0.015625
2 0.33828125 0.4390625 0.0125 0.015625
2 0.31953125 0.42109375 0.0125 0.015625
2 0.31796875 0.40546875 0.0109375 0.0109375
2 0.2140625 0.40859375 0.015625 0.0125
2 0.19375 0.41640625 0.015625 0.0078125
2 0.1953125 0.4046875 0.0125 0.0125
2 0.1828125 0.39140625 0.0125 0.0109375
2 0.17265625 0.38046875 0.015625 0.009375
2 0.15625 0.3375 0.0125 0.0171875
2 0.16171875 0.365625 0.0125 0.009375
2 0.159375 0.38046875 0.009375 0.0125
2 0.1515625 0.38359375 0.00625 0.0109375
2 0.12890625 0.359375 0.0125 0.0125
2 0.1296875 0.3390625 0.009375 0.0125
2 0.11953125 0.33515625 0.0078125 0.0125
2 0.109375 0.33359375 0.0109375 0.0125
2 0.10859375 0.31640625 0.0140625 0.015625
2 0.11640625 0.30859375 0.0140625 0.015625
2 0.26953125 0.453125 0.0078125 0.0140625
2 0.40078125 0.4609375 0.009375 0.0125
2 0.48359375 0.45703125 0.00625 0.0125
2 0.39375 0.46171875 0.0046875 0.0125
2 0.53828125 0.45390625 0.0078125 0.0125
2 0.81484375 0.5359375 0.009375 0.0171875
2 0.86171875 0.5171875 0.0078125 0.015625
2 0.578125 0.5609375 0.00625 0.0125
2 0.56796875 0.54296875 0.0078125 0.0125
2 0.5765625 0.5375 0.00625 0.0125
2 0.596875 0.53046875 0.00625 0.009375
2 0.58828125 0.53828125 0.009375 0.009375
2 0.55234375 0.52578125 0.009375 0.009375
2 0.2890625 0.5359375 0.009375 0.015625
2 0.28671875 0.79921875 0.0125 0.025
2 0.025 0.07265625 0.0125 0.015625
2 0.5953125 0.390625 0.009375 0.0171875
2 0.040625 0.4875 0.0109375 0.0125