1 0.1390625 0.703125 0.015625 0.034375
1 0.15 0.7109375 0.0140625 0.03125
1 0.0625 0.23984375 0.0171875 0.0375
0 0.3765625 0.63046875 0.0625 0.0484375
1 0.1171875 0.7359375 0.0140625 0.034375
1 0.1578125 0.7046875 0.0140625 0.0359375
1 0.16640625 0.70234375 0.0125 0.0328125
1 0.17421875 0.70078125 0.0125 0.034375
1 0.19921875 0.6984375 0.0140625 0.0359375
1 0.20859375 0.69453125 0.0140625 0.0328125
1 0.22734375 0.68046875 0.0125 0.0328125
1 0.23515625 0.67578125 0.0125 0.0296875
1 0.2421875 0.6765625 0.0125 0.0328125
1 0.25390625 0.6734375 0.0125 0.0328125
1 0.26328125 0.6765625 0.0125 0.0328125
1 0.2796875 0.6765625 0.015625 0.0359375
1 0.30546875 0.6734375 0.0140625 0.0296875
1 0.4625 0.640625 0.009375 0.025
1 0.46953125 0.63828125 0.009375 0.025
1 0.4765625 0.6375 0.0109375 0.0296875
1 0.51875 0.6125 0.0125 0.0328125
1 0.528125 0.6109375 0.0125 0.03125
1 0.5515625 0.61015625 0.0125 0.0375
1 0.5578125 0.60859375 0.0125 0.034375
1 0.56484375 0.6078125 0.0125 0.034375
1 0.7421875 0.57890625 0.0125 0.034375
1 0.72734375 0.5828125 0.0125 0.0296875
1 0.71953125 0.5859375 0.0109375 0.028125
1 0.74921875 0.58125 0.0109375 0.0296875
1 0.75546875 0.57109375 0.0125 0.0359375
1 0.7640625 0.56875 0.0140625 0.0359375
1 0.77421875 0.56640625 0.0125 0.034375
1 0.7859375 0.56484375 0.0125 0.0375
1 0.7953125 0.565625 0.0140625 0.034375
1 0.80703125 0.58046875 0.0109375 0.03125
1 0.815625 0.57734375 0.0109375 0.0328125
1 0.8234375 0.57890625 0.0125 0.0328125
1 0.70390625 0.58359375 0.0078125 0.0171875
1 0.69609375 0.5859375 0.0078125 0.0140625
1 0.66953125 0.58203125 0.009375 0.021875
1 0.63046875 0.60546875 0.009375 0.01875
1 0.6390625 0.60234375 0.0125 0.0203125
1 0.64765625 0.6 0.009375 0.01875
1 0.9875 0.65390625 0.0140625 0.0390625
1 0.9953125 0.63671875 0.009375 0.0421875
1 0.975 0.60078125 0.015625 0.0359375
1 0.946875 0.59453125 0.0203125 0.0390625
1 0.8921875 0.5265625 0.0234375 0.0296875
1 0.6 0.4203125 0.0125 0.0359375
1 0.59296875 0.425 0.0140625 0.0359375
1 0.58203125 0.421875 0.0140625 0.034375
1 0.57421875 0.4265625 0.0125 0.034375
1 0.54453125 0.43359375 0.0125 0.0328125
1 0.53828125 0.42734375 0.0125 0.0328125
1 0.53046875 0.43046875 0.0109375 0.03125
1 0.525 0.43359375 0.0109375 0.03125
1 0.51796875 0.43359375 0.0125 0.0328125
1 0.51015625 0.43671875 0.0109375 0.0328125
1 0.49765625 0.43515625 0.0125 0.03125
1 0.49140625 0.4390625 0.0109375 0.03125
1 0.48515625 0.4375 0.0109375 0.03125
1 0.47734375 0.440625 0.0109375 0.0328125
1 0.453125 0.44765625 0.0125 0.0296875
1 0.44375 0.45 0.0109375 0.028125
1 0.434375 0.45390625 0.0125 0.03125
1 0.40390625 0.45546875 0.0109375 0.0296875
1 0.384375 0.4609375 0.0125 0.0359375
1 0.371875 0.4671875 0.0125 0.034375
1 0.346875 0.47109375 0.0125 0.0328125
1 0.33671875 0.47734375 0.0125 0.0296875
1 0.32890625 0.47890625 0.0109375 0.0234375
1 0.3109375 0.4875 0.0109375 0.021875
1 0.303125 0.48515625 0.009375 0.01875
1 0.29453125 0.49140625 0.0109375 0.0234375
1 0.28203125 0.49375 0.009375 0.0234375
1 0.26640625 0.48828125 0.0109375 0.0328125
1 0.2734375 0.48203125 0.009375 0.021875
1 0.08203125 0.35 0.0140625 0.0296875
2 0.0453125 0.74140625 0.021875 0.0171875
2 0.04296875 0.7265625 0.0140625 0.015625
2 0.0625 0.69609375 0.0140625 0.0140625
2 0.078125 0.6953125 0.01875 0.021875
2 0.08046875 0.6671875 0.01875 0.0171875
2 0.07890625 0.65078125 0.015625 0.015625
2 0.096875 0.67890625 0.0140625 0.0140625
2 0.10390625 0.6421875 0.0171875 0.0171875
2 0.0859375 0.61328125 0.021875 0.01875
2 0.11328125 0.66953125 0.0140625 0.0125
2 0.1546875 0.67734375 0.0140625 0.015625
2 0.13359375 0.66796875 0.0140625 0.0140625
2 0.13359375 0.6546875 0.015625 0.0125
2 0.15 0.66171875 0.0125 0.0140625
2 0.15 0.646875 0.0140625 0.0125
2 0.16328125 0.6375 0.01875 0.0140625
2 0.18359375 0.64453125 0.0171875 0.015625
2 0.20390625 0.6640625 0.0125 0.0140625
2 0.2296875 0.653125 0.0125 0.0125
2 0.23984375 0.6515625 0.009375 0.0140625
2 0.1859375 0.61796875 0.01875 0.015625
2 0.18046875 0.57421875 0.0125 0.0140625
2 0.090625 0.51328125 0.0203125 0.015625
2 0.10390625 0.475 0.0140625 0.0140625
2 0.0609375 0.4828125 0.0125 0.0109375
2 0.04296875 0.45859375 0.0171875 0.015625
2 0.0171875 0.4625 0.01875 0.015625
2 0.15625 0.44921875 0.0125 0.009375
2 0.1625 0.46171875 0.015625 0.0140625
2 0.1734375 0.45078125 0.015625 0.0125
2 0.221875 0.47421875 0.0140625 0.0140625
2 0.06171875 0.359375 0.015625 0.0109375
2 0.06640625 0.37109375 0.0125 0.015625
2 0.06953125 0.34453125 0.0109375 0.0109375
2 0.2890625 0.52578125 0.0125 0.0171875
2 0.35625 0.53984375 0.0109375 0.01875
2 0.28515625 0.61640625 0.0125 0.0140625
2 0.26015625 0.6265625 0.015625 0.0140625
2 0.2953125 0.6328125 0.0140625 0.0125
2 0.3 0.64375 0.0140625 0.0140625
2 0.296875 0.621875 0.009375 0.0109375
2 0.334375 0.675 0.0078125 0.0125
2 0.33828125 0.66171875 0.009375 0.0125
2 0.9921875 0.6578125 0.0109375 0.0109375
2 0.89453125 0.528125 0.0109375 0.015625
2 0.93125 0.6203125 0.015625 0.025
2 0.921875 0.60234375 0.0171875 0.015625
2 0.91015625 0.58515625 0.01875 0.01875
2 0.88125 0.55859375 0.0140625 0.015625
2 0.8796875 0.57265625 0.015625 0.015625
2 0.865625 0.559375 0.0109375 0.0109375
2 0.865625 0.57890625 0.0140625 0.015625
2 0.85390625 0.57109375 0.0109375 0.009375
2 0.8390625 0.5609375 0.0171875 0.0171875
2 0.8546875 0.5609375 0.015625 0.0140625
2 0.83125 0.54765625 0.0140625 0.0140625
2 0.8359375 0.53671875 0.0171875 0.0140625
2 0.8109375 0.540625 0.0140625 0.0125
2 0.81484375 0.5296875 0.0140625 0.0109375
2 0.79609375 0.5109375 0.0171875 0.015625
2 0.8 0.5265625 0.0140625 0.015625
2 0.45859375 0.6234375 0.009375 0.0140625
2 0.465625 0.61328125 0.0109375 0.0140625
2 0.45859375 0.59453125 0.0109375 0.0140625
2 0.471875 0.6 0.0109375 0.0125
2 0.5015625 0.59921875 0.009375 0.0125
2 0.49375 0.6 0.0078125 0.0125
2 0.484375 0.596875 0.009375 0.0109375
2 0.48359375 0.58671875 0.0109375 0.0109375
2 0.51640625 0.59140625 0.009375 0.009375
2 0.5125 0.5828125 0.00625 0.009375
2 0.5171875 0.57578125 0.0078125 0.009375
2 0.51796875 0.5625 0.009375 0.0125
2 0.540625 0.58359375 0.0078125 0.0125
2 0.540625 0.56953125 0.0078125 0.0125
2 0.55390625 0.58671875 0.0109375 0.0125
2 0.553125 0.5734375 0.0125 0.0140625
2 0.56875 0.58203125 0.0078125 0.0109375
2 0.565625 0.553125 0.0125 0.015625
2 0.56875 0.56953125 0.00625 0.0109375
2 0.5953125 0.5859375 0.009375 0.0125
2 0.59140625 0.5734375 0.009375 0.0125
2 0.5953125 0.54453125 0.0125 0.0140625
2 0.6046875 0.56953125 0.009375 0.0125
2 0.60703125 0.58046875 0.009375 0.0109375
2 0.68125 0.5609375 0.0125 0.0109375
2 0.67890625 0.54921875 0.0109375 0.0109375
2 0.69140625 0.5375 0.0140625 0.0140625
2 0.7625 0.51328125 0.0125 0.0125
2 0.75390625 0.52734375 0.0109375 0.0140625
2 0.73984375 0.54609375 0.0140625 0.0140625
2 0.76640625 0.52890625 0.0125 0.0109375
2 0.78203125 0.534375 0.0125 0.0109375
2 0.7796875 0.5234375 0.0125 0.0125
2 0.765625 0.53828125 0.0125 0.009375
2 0.77109375 0.54609375 0.0078125 0.009375
2 0.95078125 0.5953125 0.0125 0.0140625
2 0.98046875 0.60546875 0.0140625 0.0125
1 0.70703125 0.496875 0.025 0.01875
2 0.7078125 0.49765625 0.009375 0.0140625
2 0.68203125 0.42109375 0.0140625 0.01875
2 0.58125 0.459375 0.0125 0.0125
2 0.578125 0.45 0.009375 0.0109375