0 0.35625 0.39375 0.05546875 0.03671875
0 0.3015625 0.48671875 0.0546875 0.04921875
1 0.084375 0.33515625 0.0078125 0.034375
1 0.1109375 0.3609375 0.009375 0.03515625
1 0.12109375 0.35234375 0.009375 0.03125
1 0.13046875 0.36015625 0.00703125 0.02890625
1 0.1390625 0.36015625 0.00703125 0.0296875
1 0.146875 0.36171875 0.00625 0.02890625
1 0.1703125 0.35859375 0.009375 0.03359375
1 0.18125 0.3609375 0.00703125 0.03046875
1 0.20234375 0.36953125 0.00625 0.0296875
1 0.2109375 0.37421875 0.00625 0.028125
1 0.21796875 0.37109375 0.00625 0.03046875
1 0.2296875 0.37109375 0.00625 0.03125
1 0.2375 0.36875 0.00703125 0.0296875
1 0.25390625 0.36484375 0.0078125 0.03203125
1 0.28046875 0.3640625 0.00703125 0.02890625
1 0.40546875 0.390625 0.015625 0.0265625
1 0.4390625 0.3671875 0.00546875 0.02578125
1 0.44765625 0.3671875 0.00546875 0.0265625
1 0.45390625 0.365625 0.0046875 0.0265625
1 0.50078125 0.3859375 0.00703125 0.03125
1 0.50078125 0.35234375 0.01953125 0.0140625
1 0.509375 0.3859375 0.00546875 0.02890625
1 0.53359375 0.38359375 0.0046875 0.03359375
1 0.53984375 0.38359375 0.00390625 0.03203125
1 0.54609375 0.3828125 0.00546875 0.034375
1 0.61015625 0.37265625 0.00625 0.02109375
1 0.6203125 0.37421875 0.00859375 0.021875
1 0.62890625 0.37421875 0.00625 0.0203125
1 0.653125 0.38984375 0.0046875 0.0234375
1 0.66328125 0.3796875 0.0046875 0.01484375
1 0.671875 0.38359375 0.0046875 0.01796875
1 0.6796875 0.38046875 0.00390625 0.0140625
1 0.68671875 0.3828125 0.0046875 0.0171875
1 0.70234375 0.37734375 0.0078125 0.0296875
1 0.71171875 0.3765625 0.0078125 0.0296875
1 0.72578125 0.37890625 0.00625 0.03125
1 0.7328125 0.375 0.00546875 0.02890625
1 0.740625 0.38515625 0.00625 0.03515625
1 0.74921875 0.3859375 0.00859375 0.034375
1 0.76015625 0.38671875 0.0078125 0.0328125
1 0.77109375 0.38671875 0.00703125 0.03203125
1 0.78125 0.38515625 0.00703125 0.03125
1 0.78828125 0.36796875 0.00703125 0.03203125
1 0.79765625 0.36640625 0.00546875 0.034375
1 0.80546875 0.36484375 0.00703125 0.03203125
0 0.9440546875000001 0.2943490734375 0.9490666671874999 0.288409259375 0.9529645828125 0.26828055625 0.9546348953124999 0.265640740625 0.9564911453124999 0.2613509265625 0.9542640625000001 0.262340740625 0.9581619796874999 0.21845185156250002 0.9579760421874999 0.214822221875 0.9544494796875 0.210202778125 0.9258640625 0.2765296296875 0.9314328125 0.2920398140625 0.9440546875000001 0.2943490734375
0 0.976909375 0.35935740781250003 0.978765625 0.3623268515625 0.9789510421875001 0.3695870375 0.98155 0.3732166671875 0.9856333328125 0.3745361109375 0.9994791671875 0.3999453703125 0.9994791671875 0.33988796250000003 0.9939864578125001 0.332627778125 0.986746875 0.3336175921875 0.9770947921875001 0.349127778125 0.976909375 0.35935740781250003
2 0.8078125 0.53359375 0.01328125 0.01484375
2 0.0078125 0.4015625 0.0140625 0.0171875
2 0.096875 0.40546875 0.01171875 0.0109375
2 0.0984375 0.4171875 0.01328125 0.009375
2 0.12734375 0.38671875 0.01015625 0.01328125
2 0.128125 0.40078125 0.0125 0.009375
2 0.121875 0.425 0.01484375 0.01328125
2 0.14375 0.43359375 0.0125 0.009375
2 0.14140625 0.44609375 0.0109375 0.0125
2 0.153125 0.3859375 0.0140625 0.01328125
2 0.15390625 0.4015625 0.01640625 0.0125
2 0.171875 0.42890625 0.0140625 0.0109375
2 0.1921875 0.40625 0.01328125 0.01171875
1 0.090625 0.65078125 0.01484375 0.03046875
1 0.13046875 0.6234375 0.01171875 0.03671875
1 0.14609375 0.61015625 0.00859375 0.03671875
1 0.15546875 0.63359375 0.01484375 0.03515625
1 0.16796875 0.58359375 0.0109375 0.03671875
1 0.19609375 0.60078125 0.0140625 0.03125
1 0.22421875 0.59140625 0.01640625 0.02890625
2 0.08828125 0.6515625 0.01328125 0.00859375
2 0.07421875 0.68359375 0.01484375 0.0140625
2 0.07421875 0.6953125 0.01328125 0.009375
2 0.12578125 0.72734375 0.0125 0.0078125
2 0.128125 0.7390625 0.01171875 0.01015625
2 0.13046875 0.625 0.0125 0.0078125
2 0.15546875 0.6328125 0.01171875 0.01328125
2 0.1671875 0.58828125 0.0109375 0.0109375
2 0.22109375 0.5921875 0.01015625 0.01640625
2 0.19375 0.60234375 0.00859375 0.01484375
2 0.14765625 0.61015625 0.0140625 0.00859375
2 0.21484375 0.3953125 0.015625 0.01328125
2 0.196875 0.39296875 0.01328125 0.01171875
2 0.21015625 0.40703125 0.0078125 0.00703125
2 0.21875 0.41484375 0.0125 0.00859375
2 0.25078125 0.396875 0.01015625 0.01015625
2 0.265625 0.3890625 0.01171875 0.01015625
2 0.265625 0.40390625 0.0109375 0.0109375
2 0.32890625 0.36796875 0.0109375 0.0125
2 0.27265625 0.425 0.0109375 0.01640625
1 0.24375 0.4625 0.01796875 0.0203125
2 0.24140625 0.4640625 0.00859375 0.01484375
1 0.278125 0.44609375 0.01875 0.01875
2 0.27578125 0.44765625 0.0078125 0.01484375
2 0.2828125 0.4453125 0.00625 0.01171875
1 0.328125 0.4453125 0.01875 0.01640625
2 0.32421875 0.44453125 0.00625 0.0109375
2 0.33125 0.4453125 0.00703125 0.01328125
2 0.384375 0.42578125 0.01015625 0.01015625
2 0.384375 0.43671875 0.00703125 0.0109375
2 0.3953125 0.3703125 0.00703125 0.01328125
2 0.39375 0.41640625 0.0078125 0.01171875
2 0.40703125 0.41328125 0.00859375 0.009375
2 0.40703125 0.42578125 0.00625 0.01328125
1 0.41328125 0.4515625 0.01875 0.01171875
2 0.4109375 0.45234375 0.0078125 0.01796875
2 0.41796875 0.4109375 0.00625 0.01640625
2 0.4046875 0.390625 0.00859375 0.01328125
2 0.43203125 0.3828125 0.00859375 0.0125
2 0.43046875 0.39921875 0.0046875 0.0078125
2 0.43359375 0.4234375 0.01015625 0.009375
2 0.44765625 0.42265625 0.0078125 0.01484375
2 0.446875 0.4046875 0.0046875 0.0125
2 0.45703125 0.40234375 0.00625 0.01484375
2 0.45703125 0.38828125 0.00703125 0.01015625
2 0.4484375 0.38671875 0.00703125 0.0125
2 0.43984375 0.39140625 0.0078125 0.0109375
2 0.48515625 0.41640625 0.00625 0.01328125
2 0.49609375 0.40859375 0.00546875 0.01328125
2 0.52578125 0.41328125 0.00859375 0.0125
2 0.50234375 0.4359375 0.01015625 0.01015625
2 0.56015625 0.4078125 0.009375 0.0125
2 0.57890625 0.409375 0.0078125 0.0125
2 0.58671875 0.39453125 0.009375 0.01328125
2 0.5859375 0.4296875 0.01015625 0.01328125
2 0.596875 0.4046875 0.00546875 0.01171875
2 0.60703125 0.40234375 0.00703125 0.01015625
2 0.6234375 0.39609375 0.0125 0.01171875
2 0.60625 0.4203125 0.0046875 0.015625
2 0.62421875 0.415625 0.0078125 0.01328125
2 0.63125 0.415625 0.00625 0.0125
2 0.64375 0.42421875 0.0078125 0.0125
2 0.67421875 0.42734375 0.01328125 0.01015625
2 0.7328125 0.42578125 0.0078125 0.0140625
2 0.7734375 0.409375 0.0109375 0.01015625
2 0.77109375 0.4203125 0.01328125 0.009375
2 0.6578125 0.5640625 0.01015625 0.015625
2 0.61953125 0.5875 0.00703125 0.0125
2 0.58828125 0.58203125 0.00703125 0.0109375
2 0.88125 0.3421875 0.0140625 0.0109375
2 0.88515625 0.35390625 0.01328125 0.01171875
2 0.896875 0.31484375 0.01328125 0.0125
2 0.88203125 0.39453125 0.0109375 0.01640625
1 0.6140625 0.56171875 0.00703125 0.03125
1 0.60546875 0.55859375 0.0078125 0.03359375
1 0.59609375 0.5640625 0.0078125 0.0390625
1 0.5859375 0.55703125 0.00625 0.0328125
1 0.55703125 0.559375 0.00625 0.03125
1 0.55 0.565625 0.00625 0.0328125
1 0.54375 0.56328125 0.00625 0.03203125
1 0.53671875 0.56015625 0.00546875 0.0296875
2 0.5296875 0.52734375 0.0078125 0.0109375
1 0.53046875 0.56171875 0.00625 0.03125
1 0.52265625 0.5578125 0.0046875 0.0296875
1 0.509375 0.5640625 0.00625 0.03125
1 0.503125 0.56171875 0.0046875 0.02890625
1 0.496875 0.5625 0.00625 0.03125
1 0.4890625 0.56015625 0.00703125 0.03515625
1 0.46328125 0.559375 0.00625 0.02734375
1 0.453125 0.559375 0.00625 0.028125
1 0.44453125 0.55625 0.00703125 0.02890625
1 0.4140625 0.559375 0.00625 0.02734375
1 0.39375 0.5578125 0.00546875 0.03515625
1 0.38125 0.55546875 0.0046875 0.0328125
1 0.35546875 0.55390625 0.00703125 0.03203125
1 0.34375 0.54921875 0.00703125 0.0265625
1 0.33671875 0.54921875 0.00625 0.02265625
1 0.31796875 0.5484375 0.00625 0.028125
1 0.309375 0.5515625 0.00625 0.02265625
1 0.3015625 0.546875 0.00625 0.02734375
2 0.3015625 0.54140625 0.00625 0.01328125
1 0.29375 0.56015625 0.00625 0.03203125
1 0.28828125 0.5484375 0.00625 0.03046875
1 0.28125 0.56015625 0.00625 0.03203125
1 0.27421875 0.5546875 0.00625 0.034375
2 0.37109375 0.53359375 0.009375 0.0109375
2 0.3796875 0.525 0.01015625 0.00859375
2 0.384375 0.534375 0.009375 0.009375
2 0.3625 0.5390625 0.0078125 0.01015625
2 0.3625 0.52421875 0.0078125 0.01796875
1 0.29296875 0.22109375 0.009375 0.03828125
2 0.7140625 0.80078125 0.01328125 0.02265625