0 0.62421875 0.62890625 0.0640625 0.0484375
2 0.96015625 0.64453125 0.021875 0.0171875
2 0.93671875 0.70703125 0.0171875 0.015625
2 0.93984375 0.6953125 0.015625 0.0109375
2 0.94140625 0.68359375 0.01875 0.0171875
2 0.91796875 0.71171875 0.015625 0.0140625
2 0.921875 0.70078125 0.015625 0.0140625
2 0.92578125 0.6890625 0.015625 0.0140625
2 0.89296875 0.66328125 0.015625 0.0140625
2 0.8921875 0.65 0.0171875 0.015625
2 0.87265625 0.65625 0.0140625 0.0125
2 0.8421875 0.67890625 0.0140625 0.0125
1 0.8828125 0.73359375 0.0140625 0.0328125
1 0.86015625 0.70234375 0.0140625 0.0359375
1 0.85 0.70859375 0.0125 0.03125
1 0.8421875 0.70078125 0.0125 0.0296875
1 0.83359375 0.6984375 0.0109375 0.028125
1 0.82578125 0.69609375 0.0109375 0.0265625
1 0.80078125 0.696875 0.0140625 0.0328125
1 0.7921875 0.690625 0.0125 0.0265625
1 0.77109375 0.67734375 0.0109375 0.0296875
1 0.7640625 0.67421875 0.0109375 0.0296875
1 0.7578125 0.6734375 0.0109375 0.0296875
1 0.74609375 0.671875 0.0125 0.0328125
1 0.7375 0.67265625 0.0125 0.03125
1 0.7203125 0.675 0.015625 0.0359375
1 0.69609375 0.67109375 0.0125 0.0296875
1 0.53828125 0.63828125 0.009375 0.0203125
1 0.53125 0.63671875 0.009375 0.025
1 0.5234375 0.6359375 0.0109375 0.028125
1 0.48046875 0.61015625 0.0125 0.0328125
1 0.47265625 0.6078125 0.0109375 0.03125
1 0.44765625 0.60703125 0.0109375 0.034375
1 0.4421875 0.6078125 0.0109375 0.0328125
1 0.43515625 0.60703125 0.0125 0.034375
1 0.3703125 0.60546875 0.009375 0.021875
1 0.3609375 0.6 0.0109375 0.0203125
1 0.35234375 0.59921875 0.0109375 0.01875
1 0.17734375 0.57734375 0.0125 0.034375
1 0.184375 0.578125 0.0140625 0.0375
1 0.19453125 0.57890625 0.0125 0.0328125
1 0.20390625 0.5625 0.0140625 0.034375
1 0.2140625 0.5625 0.0125 0.0328125
1 0.22578125 0.56328125 0.0140625 0.034375
1 0.2359375 0.56796875 0.0140625 0.034375
1 0.2453125 0.56953125 0.0125 0.03125
1 0.25078125 0.58203125 0.0109375 0.0328125
1 0.2578125 0.5796875 0.0109375 0.0359375
1 0.2734375 0.58125 0.0140625 0.0328125
1 0.2796875 0.5859375 0.0140625 0.03125
1 0.29765625 0.58359375 0.0078125 0.0171875
1 0.303125 0.5859375 0.009375 0.015625
1 0.3109375 0.584375 0.009375 0.0203125
1 0.028125 0.609375 0.015625 0.0375
1 0.003125 0.578125 0.00625 0.0375
1 0.17109375 0.4484375 0.0234375 0.0203125
1 0.39921875 0.41875 0.0125 0.034375
1 0.4078125 0.421875 0.0140625 0.0375
1 0.41640625 0.4234375 0.0109375 0.0328125
1 0.4265625 0.42734375 0.0125 0.0359375
1 0.45625 0.43125 0.0109375 0.0359375
1 0.46328125 0.4265625 0.0109375 0.0359375
1 0.47578125 0.43046875 0.0109375 0.0359375
1 0.46953125 0.428125 0.0109375 0.0328125
1 0.48203125 0.43359375 0.0125 0.0328125
1 0.48984375 0.4375 0.009375 0.0265625
1 0.503125 0.434375 0.0140625 0.034375
1 0.50859375 0.43828125 0.0109375 0.0328125
1 0.5140625 0.4375 0.0125 0.034375
1 0.521875 0.4390625 0.0125 0.0359375
1 0.546875 0.44765625 0.0109375 0.0296875
1 0.5578125 0.44921875 0.009375 0.0265625
1 0.56640625 0.45390625 0.0125 0.0328125
1 0.59609375 0.45625 0.0109375 0.0296875
1 0.615625 0.46015625 0.0125 0.034375
1 0.62734375 0.46484375 0.0109375 0.0328125
1 0.65234375 0.46875 0.0125 0.034375
1 0.66328125 0.47578125 0.0125 0.0328125
1 0.67265625 0.4765625 0.0109375 0.025
1 0.68984375 0.48359375 0.0109375 0.0265625
1 0.6984375 0.48203125 0.009375 0.0234375
1 0.70546875 0.4875 0.0125 0.0265625
1 0.71875 0.48828125 0.0109375 0.0296875
1 0.7265625 0.47890625 0.0125 0.0296875
1 0.73359375 0.48359375 0.0125 0.0328125
1 0.93515625 0.24140625 0.015625 0.0359375
1 0.91796875 0.3484375 0.015625 0.0359375
2 0.8296875 0.66328125 0.015625 0.0140625
2 0.83359375 0.6453125 0.0125 0.0125
2 0.83671875 0.6328125 0.015625 0.0125
2 0.8546875 0.6171875 0.0140625 0.0140625
2 0.80703125 0.646875 0.0140625 0.0140625
2 0.7890625 0.65 0.0140625 0.0171875
2 0.78671875 0.6296875 0.0109375 0.0125
2 0.803125 0.621875 0.0078125 0.0125
2 0.7984375 0.5953125 0.015625 0.015625
2 0.80546875 0.5859375 0.015625 0.0125
2 0.7796875 0.60546875 0.0125 0.0125
2 0.7640625 0.6125 0.0140625 0.0140625
2 0.771875 0.63828125 0.0140625 0.009375
2 0.7234375 0.65 0.0109375 0.0125
2 0.73203125 0.65859375 0.009375 0.0125
2 0.75078125 0.6421875 0.009375 0.0125
2 0.7265625 0.63671875 0.00625 0.0125
2 0.73515625 0.6296875 0.009375 0.0125
2 0.73515625 0.61640625 0.0078125 0.0125
2 0.69765625 0.61015625 0.0109375 0.0171875
2 0.64921875 0.59140625 0.0109375 0.0125
2 0.634375 0.59453125 0.0125 0.0125
2 0.62578125 0.60625 0.0109375 0.0109375
2 0.62265625 0.5921875 0.009375 0.0109375
2 0.61171875 0.590625 0.0125 0.015625
2 0.59453125 0.5890625 0.0109375 0.0140625
2 0.57734375 0.60703125 0.0125 0.015625
2 0.5828125 0.59296875 0.009375 0.0125
2 0.5734375 0.59140625 0.0109375 0.0125
2 0.69765625 0.50703125 0.0109375 0.015625
2 0.61171875 0.48828125 0.009375 0.015625
2 0.53125 0.471875 0.0140625 0.0171875
2 0.50625 0.575 0.0125 0.0171875
2 0.428125 0.55625 0.0109375 0.015625
2 0.39921875 0.55078125 0.009375 0.0140625
2 0.44375 0.58515625 0.0109375 0.0109375
2 0.44765625 0.57421875 0.0109375 0.0109375
2 0.38984375 0.5703125 0.0125 0.0125
1 0.3640625 0.3921875 0.0125 0.0328125
1 0.384375 0.2875 0.0140625 0.034375
1 0.57890625 0.5578125 0.021875 0.015625
1 0.490625 0.540625 0.021875 0.0171875
2 0.5515625 0.63359375 0.0078125 0.0109375
2 0.5578125 0.6296875 0.009375 0.015625
2 0.36171875 0.5671875 0.009375 0.015625
2 0.35625 0.55546875 0.009375 0.0109375
2 0.37421875 0.5703125 0.009375 0.0078125
2 0.375 0.559375 0.0109375 0.0125
2 0.33828125 0.565625 0.009375 0.0125
2 0.34453125 0.55703125 0.0109375 0.0109375
2 0.3390625 0.5484375 0.0109375 0.0109375
2 0.3375 0.53125 0.0125 0.015625
2 0.31328125 0.5640625 0.009375 0.009375
2 0.3203125 0.55546875 0.009375 0.009375
2 0.32265625 0.54375 0.0109375 0.0125
2 0.3046875 0.55390625 0.0109375 0.0125
2 0.3109375 0.54296875 0.0125 0.0125
2 0.29375 0.5515625 0.0125 0.0125
2 0.296875 0.5375 0.0109375 0.0125
2 0.246875 0.51953125 0.0140625 0.0140625
2 0.2375 0.54296875 0.0078125 0.009375
2 0.23984375 0.53046875 0.015625 0.0125
2 0.253125 0.54921875 0.0140625 0.0109375
2 0.15703125 0.56484375 0.015625 0.0171875
2 0.1390625 0.571875 0.0140625 0.0171875
2 0.1375 0.55703125 0.015625 0.0140625
2 0.16875 0.446875 0.009375 0.0125
2 0.22109375 0.38359375 0.0125 0.015625
2 0.02578125 0.61328125 0.0140625 0.0171875
2 0.77109375 0.51015625 0.0125 0.0125
2 0.971875 0.4671875 0.01875 0.0171875
2 0.96328125 0.440625 0.0171875 0.0171875
2 0.93515625 0.34921875 0.0109375 0.0109375
2 0.9328125 0.33671875 0.0078125 0.0109375
2 0.92734375 0.3484375 0.009375 0.0140625
2 0.91875 0.34921875 0.009375 0.0125
2 0.9359375 0.240625 0.0203125 0.0171875
2 0.68671875 0.66171875 0.0078125 0.0125
2 0.6890625 0.60390625 0.0109375 0.0140625
2 0.57890625 0.5578125 0.0078125 0.0109375
2 0.38359375 0.2859375 0.0078125 0.0109375
2 0.34296875 0.16640625 0.01875 0.0265625