1 0.9046875 0.68671875 0.0109375 0.0328125
1 0.87890625 0.65859375 0.0109375 0.034375
1 0.86953125 0.66640625 0.0109375 0.03125
1 0.8609375 0.659375 0.0078125 0.0328125
1 0.85234375 0.65703125 0.0078125 0.028125
1 0.84453125 0.65703125 0.0078125 0.0296875
1 0.8203125 0.65859375 0.009375 0.03125
1 0.8109375 0.65390625 0.009375 0.0265625
1 0.7890625 0.64609375 0.0078125 0.03125
1 0.78125 0.640625 0.0078125 0.0296875
1 0.775 0.6421875 0.0078125 0.0296875
1 0.7625 0.6421875 0.0078125 0.028125
1 0.75546875 0.64375 0.0078125 0.0296875
1 0.73828125 0.64609375 0.009375 0.03125
1 0.7125 0.646875 0.0078125 0.0265625
0 0.6375 0.6140625 0.0546875 0.0375
0 0.3765625 0.5015625 0.053125 0.040625
0 0.28828125 0.5328125 0.053125 0.0375
1 0.23828125 0.5375 0.021875 0.0109375
1 0.12890625 0.55625 0.021875 0.0234375
1 0.1875 0.615625 0.009375 0.03125
1 0.19453125 0.61328125 0.009375 0.0359375
1 0.20390625 0.61328125 0.0078125 0.03125
1 0.21328125 0.596875 0.0109375 0.0328125
1 0.22265625 0.59609375 0.009375 0.03125
1 0.23359375 0.59609375 0.009375 0.03125
1 0.24453125 0.59765625 0.0109375 0.034375
1 0.253125 0.5984375 0.0078125 0.028125
1 0.2609375 0.61015625 0.0078125 0.03125
1 0.2671875 0.60625 0.0078125 0.03125
1 0.2828125 0.6078125 0.0078125 0.0265625
1 0.290625 0.61015625 0.0109375 0.028125
1 0.30703125 0.60546875 0.0078125 0.0171875
1 0.3140625 0.60859375 0.0046875 0.0140625
1 0.32109375 0.6046875 0.00625 0.01875
1 0.3640625 0.61640625 0.0078125 0.01875
1 0.3734375 0.61875 0.0078125 0.015625
1 0.38203125 0.6171875 0.00625 0.0171875
1 0.340625 0.60078125 0.00625 0.01875
1 0.459375 0.6125 0.00625 0.034375
1 0.45390625 0.6140625 0.0078125 0.0328125
1 0.446875 0.61328125 0.0078125 0.0359375
1 0.4828125 0.61328125 0.0078125 0.03125
1 0.49296875 0.61171875 0.0078125 0.0296875
1 0.53828125 0.63125 0.00625 0.025
1 0.5453125 0.63125 0.00625 0.025
1 0.553125 0.63515625 0.00625 0.0265625
1 0.490625 0.64453125 0.01875 0.0109375
1 0.6921875 0.78828125 0.0109375 0.0328125
1 0.6984375 0.51875 0.0203125 0.0125
1 0.6875 0.48828125 0.01875 0.0109375
1 0.51953125 0.50625 0.01875 0.0171875
1 0.48828125 0.5453125 0.01875 0.009375
1 0.4796875 0.49609375 0.0171875 0.0125
1 0.44140625 0.51796875 0.01875 0.009375
1 0.3890625 0.4296875 0.0078125 0.034375
1 0.396875 0.434375 0.009375 0.0328125
1 0.40703125 0.4328125 0.009375 0.03125
1 0.41640625 0.434375 0.009375 0.0359375
1 0.446875 0.4359375 0.0078125 0.0328125
1 0.453125 0.43203125 0.0078125 0.03125
1 0.459375 0.43359375 0.00625 0.028125
1 0.46640625 0.4359375 0.00625 0.0296875
1 0.47265625 0.43515625 0.00625 0.0296875
1 0.48046875 0.4390625 0.00625 0.028125
1 0.49296875 0.4328125 0.0078125 0.03125
1 0.49921875 0.4359375 0.0078125 0.03125
1 0.50546875 0.43515625 0.0078125 0.03125
1 0.515625 0.4421875 0.0078125 0.03125
1 0.53984375 0.44140625 0.00625 0.0296875
1 0.54921875 0.44140625 0.0078125 0.028125
1 0.5578125 0.4453125 0.0078125 0.028125
1 0.58828125 0.44453125 0.0078125 0.028125
1 0.609375 0.44609375 0.0078125 0.0359375
1 0.621875 0.45 0.0078125 0.03125
1 0.646875 0.4515625 0.0078125 0.0296875
1 0.6578125 0.45859375 0.0078125 0.025
1 0.665625 0.45625 0.00625 0.021875
1 0.684375 0.46015625 0.0078125 0.0234375
1 0.6921875 0.459375 0.00625 0.021875
1 0.70859375 0.44921875 0.0078125 0.03125
1 0.7140625 0.4609375 0.0078125 0.03125
1 0.721875 0.45 0.009375 0.03125
1 0.72734375 0.45703125 0.0078125 0.0296875
1 0.771875 0.4578125 0.0171875 0.0296875
1 0.78828125 0.40859375 0.0140625 0.028125
1 0.9171875 0.36171875 0.025 0.0234375
2 0.9515625 0.64609375 0.0140625 0.0140625
2 0.97578125 0.60546875 0.015625 0.0140625
2 0.8921875 0.63046875 0.015625 0.015625
2 0.89375 0.6140625 0.015625 0.0125
2 0.8578125 0.6203125 0.015625 0.0125
2 0.81875 0.6015625 0.0125 0.0125
2 0.85078125 0.49921875 0.0140625 0.0125
2 0.7796875 0.61171875 0.0109375 0.0109375
2 0.78046875 0.6 0.0125 0.0109375
2 0.7546875 0.6125 0.0078125 0.0109375
2 0.75078125 0.60234375 0.0109375 0.009375
2 0.73359375 0.61640625 0.009375 0.0109375
2 0.73359375 0.60234375 0.009375 0.0109375
2 0.70078125 0.615625 0.0109375 0.0109375
2 0.70234375 0.63359375 0.0078125 0.0109375
2 0.6765625 0.65 0.00625 0.0125
2 0.67578125 0.6375 0.0078125 0.0125
2 0.703125 0.58515625 0.0125 0.0109375
2 0.70546875 0.5734375 0.009375 0.009375
2 0.65703125 0.55625 0.0078125 0.0140625
2 0.64375 0.5828125 0.00625 0.0140625
2 0.659375 0.540625 0.009375 0.0109375
2 0.65 0.53203125 0.0078125 0.0140625
2 0.6171875 0.559375 0.0078125 0.0109375
2 0.63828125 0.52421875 0.00625 0.0078125
2 0.59765625 0.6265625 0.00625 0.015625
2 0.58046875 0.62265625 0.00625 0.0109375
2 0.571875 0.62578125 0.00625 0.0109375
2 0.57109375 0.6109375 0.009375 0.0109375
2 0.5359375 0.60859375 0.00625 0.0109375
2 0.5328125 0.5875 0.00625 0.0109375
2 0.53203125 0.57578125 0.00625 0.0109375
2 0.5421875 0.565625 0.009375 0.0140625
2 0.51875 0.60546875 0.009375 0.0078125
2 0.52109375 0.5890625 0.0078125 0.0109375
2 0.521875 0.5765625 0.0046875 0.0109375
2 0.51640625 0.575 0.00625 0.0140625
2 0.51015625 0.5765625 0.00625 0.0109375
2 0.50703125 0.6 0.0078125 0.0125
2 0.49921875 0.5875 0.0078125 0.009375
2 0.4875 0.58046875 0.009375 0.0109375
2 0.48203125 0.5921875 0.009375 0.009375
2 0.47265625 0.590625 0.0078125 0.009375
2 0.4546875 0.59140625 0.00625 0.0125
2 0.4546875 0.578125 0.0078125 0.0125
2 0.4140625 0.584375 0.0078125 0.0125
2 0.40703125 0.57109375 0.0078125 0.0109375
2 0.38125 0.58203125 0.009375 0.0109375
2 0.365625 0.58046875 0.0078125 0.0125
2 0.3421875 0.5734375 0.00625 0.0109375
2 0.33671875 0.5875 0.00625 0.0125
2 0.3265625 0.58828125 0.00625 0.0125
2 0.31484375 0.5796875 0.0078125 0.0125
2 0.31484375 0.5640625 0.0078125 0.0125
2 0.30390625 0.57578125 0.0109375 0.0109375
2 0.29375 0.578125 0.0078125 0.009375
2 0.2921875 0.56796875 0.0109375 0.0125
2 0.28046875 0.56640625 0.0125 0.0109375
2 0.2765625 0.58203125 0.0125 0.0140625
2 0.26953125 0.5671875 0.0078125 0.0109375
2 0.2625 0.58046875 0.0109375 0.0140625
2 0.24296875 0.5671875 0.0125 0.0171875
2 0.2359375 0.5375 0.009375 0.0125
2 0.1546875 0.61171875 0.0140625 0.0109375
2 0.1234375 0.5609375 0.0125 0.0171875
2 0.08515625 0.6796875 0.015625 0.0125
2 0.075 0.66640625 0.015625 0.0125
2 0.07578125 0.65390625 0.015625 0.0109375
2 0.059375 0.67734375 0.0140625 0.0109375
2 0.05859375 0.6875 0.015625 0.0109375
2 0.05625 0.7 0.0078125 0.0109375
2 0.30234375 0.18671875 0.0140625 0.021875
2 0.31015625 0.421875 0.0109375 0.0171875
2 0.35625 0.4453125 0.0078125 0.0125
2 0.48046875 0.49609375 0.00625 0.0125
2 0.43984375 0.51796875 0.00625 0.0109375
2 0.48828125 0.54609375 0.0078125 0.0125
2 0.52109375 0.50703125 0.00625 0.0140625
2 0.70078125 0.5171875 0.0078125 0.0140625
2 0.690625 0.4890625 0.0078125 0.015625
2 0.77265625 0.45859375 0.0109375 0.015625
2 0.7765625 0.44765625 0.00625 0.0078125
2 0.7890625 0.403125 0.009375 0.0171875
2 0.91953125 0.36015625 0.0109375 0.0109375