0 0.35546875 0.39296875 0.05703125 0.0375
1 0.084375 0.3359375 0.00859375 0.03203125
1 0.11015625 0.359375 0.01328125 0.040625
1 0.1203125 0.3515625 0.009375 0.034375
1 0.1296875 0.36015625 0.00703125 0.0328125
1 0.13828125 0.36171875 0.0078125 0.0296875
1 0.14609375 0.36171875 0.00625 0.0296875
1 0.16953125 0.36015625 0.009375 0.03046875
1 0.1796875 0.3625 0.0078125 0.02734375
1 0.25390625 0.3671875 0.0109375 0.03359375
1 0.278125 0.3625 0.00859375 0.028125
1 0.2375 0.36953125 0.00703125 0.03046875
1 0.228125 0.37265625 0.00703125 0.034375
1 0.2171875 0.3734375 0.00625 0.0359375
1 0.21015625 0.37421875 0.00625 0.0296875
1 0.20234375 0.3703125 0.00859375 0.0328125
1 0.43828125 0.37265625 0.00546875 0.01796875
1 0.446875 0.3703125 0.0046875 0.02734375
1 0.45390625 0.3703125 0.00625 0.02734375
1 0.5 0.35546875 0.0203125 0.01171875
1 0.5 0.3890625 0.00703125 0.0328125
1 0.509375 0.3875 0.00625 0.03125
1 0.5328125 0.384375 0.00546875 0.03671875
1 0.5390625 0.384375 0.00546875 0.034375
1 0.5453125 0.3859375 0.00546875 0.0296875
1 0.61015625 0.3734375 0.00546875 0.02109375
1 0.6203125 0.37578125 0.00703125 0.01875
1 0.628125 0.3765625 0.00625 0.01875
1 0.653125 0.38671875 0.00546875 0.01953125
1 0.671875 0.38515625 0.00390625 0.0203125
1 0.67890625 0.38203125 0.0046875 0.0140625
1 0.6859375 0.3828125 0.00546875 0.01953125
1 0.70234375 0.37734375 0.01015625 0.03203125
1 0.7109375 0.378125 0.0078125 0.03046875
1 0.73203125 0.3765625 0.00625 0.03046875
1 0.725 0.38125 0.00625 0.03203125
1 0.73984375 0.38671875 0.0078125 0.0328125
1 0.74921875 0.3875 0.009375 0.034375
1 0.759375 0.38828125 0.0078125 0.0328125
1 0.7703125 0.38828125 0.00703125 0.0328125
1 0.78125 0.38671875 0.0078125 0.0328125
1 0.7890625 0.36953125 0.00625 0.03359375
1 0.79765625 0.36953125 0.00625 0.034375
1 0.80546875 0.3671875 0.00859375 0.03359375
1 0.95 0.25078125 0.00703125 0.0390625
1 0.9140625 0.35234375 0.015625 0.0375
1 0.95390625 0.32421875 0.01015625 0.0359375
1 0.86328125 0.40859375 0.0203125 0.01953125
1 0.790625 0.45234375 0.02578125 0.0109375
1 0.77421875 0.5 0.01953125 0.00859375
1 0.7 0.5125 0.0203125 0.01640625
1 0.61328125 0.56328125 0.00625 0.03203125
1 0.60546875 0.559375 0.00703125 0.03359375
1 0.5953125 0.56171875 0.0078125 0.03046875
1 0.58515625 0.559375 0.00703125 0.03359375
1 0.55546875 0.559375 0.00625 0.0328125
1 0.54921875 0.565625 0.00546875 0.03359375
1 0.54296875 0.56328125 0.0046875 0.03046875
1 0.53671875 0.5609375 0.00546875 0.03125
1 0.5296875 0.56171875 0.0046875 0.03359375
1 0.521875 0.56171875 0.00546875 0.03359375
1 0.50859375 0.56484375 0.00625 0.0328125
1 0.503125 0.5640625 0.00625 0.03203125
1 0.496875 0.56484375 0.00703125 0.03203125
1 0.4890625 0.5640625 0.00703125 0.03125
1 0.4625 0.56171875 0.00625 0.0328125
1 0.453125 0.5609375 0.00703125 0.02890625
1 0.44453125 0.5578125 0.00625 0.03046875
1 0.41328125 0.56171875 0.00625 0.0296875
1 0.39375 0.559375 0.00625 0.0359375
1 0.38046875 0.55625 0.00703125 0.034375
1 0.3546875 0.55625 0.00859375 0.03359375
1 0.34453125 0.55078125 0.00625 0.03125
1 0.33671875 0.5515625 0.00625 0.02578125
1 0.3171875 0.55 0.00703125 0.0265625
1 0.30859375 0.5515625 0.00625 0.02265625
1 0.30078125 0.54765625 0.00703125 0.0265625
1 0.2921875 0.56796875 0.00625 0.02734375
1 0.2875 0.54921875 0.0046875 0.0328125
1 0.28046875 0.56328125 0.00625 0.03359375
1 0.2734375 0.55625 0.00546875 0.03359375
1 0.11640625 0.72109375 0.01171875 0.034375
1 0.11640625 0.83046875 0.00625 0.034375
1 0.30234375 0.4578125 0.01875 0.01328125
1 0.390625 0.453125 0.01875 0.01328125
1 0.39765625 0.37890625 0.0171875 0.02265625
1 0.93046875 0.43828125 0.02890625 0.0125
1 0.94453125 0.46875 0.01953125 0.0203125
2 0.95234375 0.24765625 0.01328125 0.015625
2 0.915625 0.346875 0.01171875 0.01640625
2 0.87265625 0.32734375 0.0125 0.00859375
2 0.87734375 0.33828125 0.0125 0.01171875
2 0.8765625 0.3734375 0.01328125 0.01484375
2 0.8671875 0.40625 0.009375 0.01484375
2 0.93359375 0.43671875 0.00703125 0.01640625
2 0.9484375 0.46640625 0.009375 0.01328125
2 0.95703125 0.31328125 0.01640625 0.00859375
2 0.9546875 0.32578125 0.0171875 0.015625
2 0.80078125 0.415625 0.01328125 0.0125
2 0.7859375 0.4078125 0.01328125 0.01015625
2 0.7890625 0.41796875 0.0109375 0.00859375
2 0.77265625 0.4078125 0.01171875 0.00859375
2 0.7734375 0.42265625 0.01171875 0.0125
2 0.72890625 0.409375 0.01015625 0.01171875
2 0.71328125 0.40625 0.0109375 0.0125
2 0.7125 0.4203125 0.01328125 0.01015625
2 0.70546875 0.43671875 0.01328125 0.01015625
2 0.7 0.40703125 0.0109375 0.01171875
2 0.70078125 0.41953125 0.009375 0.01015625
2 0.021875 0.41796875 0.015625 0.01796875
2 0.06953125 0.37734375 0.01484375 0.0125
2 0.06953125 0.38828125 0.01484375 0.01171875
2 0.0671875 0.4015625 0.01484375 0.0140625
2 0.08984375 0.375 0.01484375 0.01328125
2 0.084375 0.3859375 0.015625 0.0109375
2 0.08359375 0.3984375 0.0140625 0.01171875
2 0.1265625 0.3828125 0.01484375 0.01328125
2 0.13046875 0.41328125 0.0125 0.01171875
2 0.13203125 0.42421875 0.0140625 0.01328125
2 0.1515625 0.41015625 0.01484375 0.01171875
2 0.17265625 0.38984375 0.0125 0.015625
2 0.17734375 0.41640625 0.01171875 0.009375
2 0.178125 0.42734375 0.0125 0.01015625
2 0.146875 0.4578125 0.01484375 0.0125
2 0.15546875 0.46796875 0.0125 0.009375
2 0.1796875 0.44453125 0.01328125 0.0125
2 0.1890625 0.40390625 0.01171875 0.0125
2 0.2078125 0.4171875 0.01171875 0.01015625
2 0.2125 0.43125 0.0109375 0.01015625
2 0.21796875 0.40546875 0.0109375 0.01484375
2 0.2515625 0.4390625 0.01015625 0.0125
2 0.2609375 0.40390625 0.01484375 0.0125
2 0.26796875 0.3859375 0.009375 0.01328125
2 0.28046875 0.3828125 0.0078125 0.0125
2 0.28359375 0.3953125 0.0109375 0.01015625
2 0.2859375 0.41875 0.0109375 0.01484375
2 0.3140625 0.43515625 0.00859375 0.0125
2 0.3234375 0.42265625 0.01015625 0.01484375
2 0.27109375 0.43359375 0.01171875 0.01171875
2 0.37421875 0.4265625 0.0078125 0.01171875
2 0.42265625 0.54921875 0.0078125 0.01328125
2 0.34921875 0.528125 0.0078125 0.0125
2 0.5125 0.53125 0.00859375 0.015625
2 0.43828125 0.43828125 0.0109375 0.01171875
2 0.43828125 0.425 0.009375 0.01015625
2 0.4375 0.41171875 0.0078125 0.0125
2 0.43125 0.39921875 0.0046875 0.01328125
2 0.42890625 0.41171875 0.009375 0.01171875
2 0.40703125 0.41640625 0.01015625 0.01171875
2 0.396875 0.415625 0.00859375 0.01015625
2 0.3875 0.42109375 0.0078125 0.01328125
2 0.421875 0.378125 0.00546875 0.01640625
2 0.5109375 0.4265625 0.0109375 0.015625
2 0.55234375 0.4046875 0.0046875 0.01484375
2 0.55546875 0.42421875 0.009375 0.0125
2 0.5671875 0.4140625 0.00625 0.01015625
2 0.5734375 0.409375 0.00703125 0.01171875
2 0.63203125 0.3984375 0.01015625 0.0109375
2 0.62578125 0.4125 0.009375 0.01328125
2 0.653125 0.42421875 0.0078125 0.01328125
2 0.6625 0.41875 0.00703125 0.01328125
2 0.72734375 0.425 0.009375 0.01640625
2 0.678125 0.4078125 0.01015625 0.01015625
2 0.675 0.41875 0.01015625 0.009375
2 0.68046875 0.425 0.01171875 0.01015625
2 0.63828125 0.4203125 0.01171875 0.00703125
2 0.6421875 0.4140625 0.01015625 0.0078125
2 0.99296875 0.07890625 0.01328125 0.01953125
2 0.7609375 0.5640625 0.0109375 0.01328125
2 0.7953125 0.45078125 0.00859375 0.015625
2 0.77578125 0.4984375 0.0109375 0.01328125
2 0.7015625 0.51171875 0.0078125 0.0171875
2 0.5953125 0.58203125 0.0078125 0.00859375
2 0.58828125 0.584375 0.00625 0.01015625
2 0.54609375 0.5859375 0.00703125 0.01015625
2 0.5296875 0.58515625 0.00546875 0.0109375
2 0.51796875 0.58515625 0.00546875 0.009375
2 0.3890625 0.453125 0.00703125 0.0125
2 0.39609375 0.37734375 0.00703125 0.01640625
2 0.30234375 0.45703125 0.00625 0.0109375
2 0.26953125 0.5296875 0.01015625 0.009375
2 0.096875 0.7109375 0.01953125 0.009375
2 0.103125 0.72265625 0.01328125 0.01015625
2 0.11875 0.7234375 0.015625 0.00859375
2 0.06171875 0.68515625 0.0125 0.0171875
2 0.06875 0.9234375 0.0125 0.021875
2 0.1171875 0.83046875 0.01640625 0.0125
2 0.71328125 0.80234375 0.0125 0.0203125
2 0.23828125 0.41953125 0.01015625 0.00703125
2 0.23828125 0.4125 0.0109375 0.00703125