1 0.253125 0.57265625 0.015625 0.0328125
1 0.22890625 0.56328125 0.0171875 0.034375
1 0.21328125 0.5578125 0.015625 0.0296875
1 0.20625 0.55078125 0.0140625 0.03125
1 0.196875 0.54921875 0.015625 0.0328125
1 0.18984375 0.54375 0.015625 0.0296875
1 0.18046875 0.54453125 0.015625 0.03125
1 0.15546875 0.55078125 0.0140625 0.03125
1 0.146875 0.54765625 0.0171875 0.03125
1 0.0578125 0.54921875 0.01875 0.0359375
1 0.12421875 0.5421875 0.015625 0.0359375
1 0.115625 0.540625 0.015625 0.0359375
1 0.08984375 0.53125 0.021875 0.0390625
1 0.1078125 0.53984375 0.015625 0.0359375
1 0.0984375 0.54453125 0.0203125 0.0375
1 0.37109375 0.58828125 0.0234375 0.0265625
1 0.4078125 0.61015625 0.0125 0.0265625
1 0.415625 0.61171875 0.0125 0.0265625
1 0.42265625 0.61328125 0.0140625 0.03125
1 0.471875 0.60703125 0.015625 0.034375
1 0.48203125 0.6109375 0.015625 0.03125
1 0.50390625 0.61875 0.0140625 0.034375
1 0.509375 0.62109375 0.0140625 0.034375
1 0.515625 0.6234375 0.015625 0.0359375
1 0.7609375 0.709375 0.015625 0.0328125
1 0.7546875 0.70234375 0.015625 0.034375
1 0.746875 0.6984375 0.015625 0.034375
1 0.74296875 0.68046875 0.0140625 0.028125
1 0.734375 0.67578125 0.015625 0.03125
1 0.7234375 0.67421875 0.0171875 0.0328125
1 0.7125 0.671875 0.01875 0.0359375
1 0.703125 0.6703125 0.015625 0.03125
1 0.69296875 0.67890625 0.0140625 0.0328125
1 0.68828125 0.6734375 0.015625 0.0328125
1 0.6734375 0.6703125 0.015625 0.0328125
1 0.665625 0.66953125 0.0171875 0.034375
1 0.62734375 0.46796875 0.015625 0.0328125
1 0.61953125 0.46796875 0.0171875 0.034375
1 0.6109375 0.46015625 0.01875 0.0421875
1 0.6 0.4625 0.015625 0.0375
1 0.57109375 0.4546875 0.015625 0.0328125
1 0.56640625 0.4484375 0.0140625 0.0328125
1 0.559375 0.45078125 0.0125 0.028125
1 0.55234375 0.44921875 0.0140625 0.0296875
1 0.546875 0.4453125 0.0140625 0.03125
1 0.5375 0.44609375 0.0140625 0.03125
1 0.52734375 0.43828125 0.015625 0.0328125
1 0.5203125 0.43984375 0.0140625 0.03125
1 0.51484375 0.4359375 0.015625 0.0328125
1 0.5078125 0.4359375 0.015625 0.0328125
1 0.48125 0.43046875 0.0140625 0.03125
1 0.47109375 0.428125 0.0140625 0.0296875
1 0.4625 0.428125 0.015625 0.03125
1 0.43359375 0.41796875 0.0140625 0.03125
1 0.4140625 0.41328125 0.0171875 0.0359375
1 0.4015625 0.4125 0.015625 0.034375
1 0.37734375 0.40625 0.015625 0.0328125
1 0.3640625 0.41015625 0.015625 0.0296875
1 0.35625 0.40625 0.0125 0.025
1 0.3375 0.4046875 0.0140625 0.0265625
1 0.33046875 0.4 0.0109375 0.0234375
1 0.3203125 0.403125 0.0140625 0.028125
1 0.29765625 0.38671875 0.0140625 0.0328125
1 0.309375 0.39609375 0.0125 0.03125
1 0.31875 0.38125 0.0140625 0.03125
1 0.30625 0.38125 0.0140625 0.03125
1 0.20703125 0.365625 0.021875 0.03125
1 0.4734375 0.53203125 0.0234375 0.015625
1 0.5625 0.55546875 0.0265625 0.0171875
1 0.63515625 0.57578125 0.0265625 0.021875
1 0.73125 0.59765625 0.0265625 0.021875
1 0.79296875 0.61953125 0.025 0.021875
1 0.79609375 0.6625 0.0234375 0.025
1 0.8328125 0.67890625 0.025 0.025
1 0.8609375 0.7375 0.025 0.034375
1 0.9 0.72109375 0.021875 0.0390625
1 0.91953125 0.79921875 0.0203125 0.034375
1 0.87890625 0.92890625 0.015625 0.0359375
1 0.62109375 0.64375 0.0125 0.0234375
1 0.65625 0.66328125 0.0078125 0.015625
1 0.65 0.6609375 0.009375 0.0171875
1 0.64375 0.66015625 0.009375 0.015625
1 0.63828125 0.65390625 0.0109375 0.0203125
1 0.62734375 0.65546875 0.0078125 0.0140625
1 0.575 0.64921875 0.0109375 0.0203125
1 0.5859375 0.65 0.0140625 0.021875
1 0.59375 0.65234375 0.0109375 0.0171875
1 0.2890625 0.4765625 0.021875 0.015625
1 0.34453125 0.46171875 0.0234375 0.01875
2 0.00625 0.4953125 0.0125 0.015625
2 0.00546875 0.48046875 0.0109375 0.0171875
2 0.0234375 0.4828125 0.015625 0.0140625
2 0.01875 0.49609375 0.0140625 0.015625
2 0.03046875 0.47265625 0.0140625 0.0140625
2 0.04609375 0.4953125 0.015625 0.0140625
2 0.06171875 0.490625 0.0171875 0.0140625
2 0.0640625 0.4765625 0.0140625 0.015625
2 0.07421875 0.4296875 0.0203125 0.015625
2 0.0828125 0.4 0.01875 0.015625
2 0.11015625 0.37265625 0.015625 0.01875
2 0.14375 0.52578125 0.015625 0.0140625
2 0.14453125 0.5140625 0.0171875 0.015625
2 0.14921875 0.5015625 0.0171875 0.015625
2 0.13828125 0.49296875 0.0140625 0.015625
2 0.1484375 0.48203125 0.0140625 0.0125
2 0.14921875 0.471875 0.0140625 0.0125
2 0.184375 0.52109375 0.015625 0.0171875
2 0.20234375 0.50234375 0.0140625 0.0140625
2 0.20703125 0.4921875 0.0125 0.0125
2 0.21171875 0.4796875 0.015625 0.015625
2 0.21328125 0.5171875 0.015625 0.0140625
2 0.22578125 0.51640625 0.009375 0.0125
2 0.2296875 0.50546875 0.0125 0.0125
2 0.234375 0.53671875 0.0140625 0.0140625
2 0.25625 0.509375 0.0140625 0.015625
2 0.2515625 0.5296875 0.0140625 0.015625
2 0.2625 0.5390625 0.0125 0.0140625
2 0.26640625 0.5171875 0.0125 0.0125
2 0.2828125 0.5203125 0.0140625 0.0171875
2 0.290625 0.57109375 0.0125 0.015625
2 0.32734375 0.51640625 0.0125 0.0125
2 0.3421875 0.52890625 0.0125 0.0125
2 0.34296875 0.53984375 0.0109375 0.0140625
2 0.359375 0.5234375 0.0125 0.0140625
2 0.38828125 0.55859375 0.009375 0.0171875
1 0.3953125 0.60078125 0.0171875 0.0171875
2 0.39765625 0.5875 0.009375 0.0140625
2 0.4 0.54453125 0.0125 0.0140625
2 0.45625 0.45625 0.0140625 0.0171875
2 0.42109375 0.57578125 0.0125 0.0140625
2 0.43203125 0.59375 0.0109375 0.0125
2 0.43515625 0.58046875 0.009375 0.0109375
2 0.44453125 0.57578125 0.0109375 0.0125
2 0.46953125 0.5765625 0.0125 0.0109375
2 0.4546875 0.5984375 0.0078125 0.0125
2 0.45234375 0.58671875 0.009375 0.0125
2 0.46171875 0.58984375 0.0109375 0.0125
2 0.45625 0.5703125 0.0109375 0.01875
2 0.50625 0.57890625 0.0109375 0.015625
2 0.5234375 0.60234375 0.009375 0.0109375
2 0.55859375 0.60234375 0.0109375 0.0125
2 0.5671875 0.59921875 0.0109375 0.0125
2 0.6609375 0.63359375 0.015625 0.0140625
2 0.63515625 0.634375 0.009375 0.0140625
2 0.615625 0.628125 0.0109375 0.0140625
2 0.675 0.6375 0.0125 0.0109375
2 0.63046875 0.6296875 0.009375 0.0109375
2 0.675 0.62890625 0.015625 0.0125
2 0.6875 0.6375 0.0125 0.0140625
2 0.69609375 0.64921875 0.0140625 0.0125
2 0.7765625 0.6421875 0.0171875 0.0140625
2 0.759375 0.67265625 0.015625 0.0171875
2 0.7640625 0.6578125 0.0140625 0.0125
2 0.7609375 0.64765625 0.0125 0.0125
2 0.74609375 0.6625 0.0125 0.0125
2 0.74921875 0.65078125 0.015625 0.015625
2 0.740625 0.63984375 0.0140625 0.0140625
2 0.734375 0.6515625 0.0140625 0.0140625
2 0.71796875 0.6359375 0.0125 0.0109375
2 0.7109375 0.6421875 0.0109375 0.0109375
2 0.709375 0.65234375 0.0125 0.0109375
2 0.7859375 0.2625 0.0171875 0.025
2 0.14453125 0.17421875 0.015625 0.0140625
1 0.19609375 0.1671875 0.0234375 0.0421875
2 0.10703125 0.259375 0.0171875 0.0140625
2 0.11953125 0.25625 0.021875 0.0265625
2 0.084375 0.2484375 0.01875 0.015625
2 0.05625 0.2484375 0.015625 0.0171875
2 0.7875 0.7234375 0.015625 0.015625
2 0.79453125 0.7140625 0.0140625 0.015625
2 0.709375 0.4734375 0.0125 0.015625
2 0.596875 0.4921875 0.0125 0.0140625
2 0.13984375 0.134375 0.0171875 0.0171875
2 0.296875 0.58359375 0.0109375 0.015625
0 0.3359375 0.56328125 0.065625 0.0515625
2 0.35546875 0.42890625 0.0140625 0.0125
2 0.2875 0.475 0.0109375 0.015625
2 0.4734375 0.53203125 0.0109375 0.0171875
2 0.56171875 0.5578125 0.0109375 0.0171875
2 0.6359375 0.578125 0.0140625 0.01875
2 0.73515625 0.5984375 0.0109375 0.0171875
2 0.79453125 0.621875 0.0109375 0.0140625
2 0.8625 0.7421875 0.0125 0.01875
2 0.89921875 0.72109375 0.0234375 0.021875
2 0.9203125 0.8 0.0140625 0.015625
2 0.1953125 0.16171875 0.0125 0.0171875