0 0.64609375 0.3953125 0.0578125 0.0390625
1 0.91875 0.34296875 0.009375 0.0328125
1 0.8921875 0.36640625 0.0140625 0.040625
1 0.88203125 0.35859375 0.009375 0.034375
1 0.87265625 0.36640625 0.0078125 0.0328125
1 0.8640625 0.36796875 0.0078125 0.0296875
1 0.85625 0.36796875 0.00625 0.0296875
1 0.8328125 0.365625 0.009375 0.03125
1 0.82265625 0.36796875 0.0078125 0.028125
1 0.7484375 0.371875 0.0109375 0.034375
1 0.72421875 0.36640625 0.009375 0.028125
1 0.76484375 0.37421875 0.0078125 0.03125
1 0.77421875 0.37734375 0.0078125 0.034375
1 0.78515625 0.378125 0.00625 0.0359375
1 0.7921875 0.37890625 0.00625 0.0296875
1 0.8 0.37578125 0.009375 0.0328125
1 0.5640625 0.3734375 0.00625 0.01875
1 0.55546875 0.37109375 0.0046875 0.028125
1 0.5484375 0.37109375 0.00625 0.028125
1 0.50234375 0.35546875 0.0203125 0.0125
1 0.5015625 0.3890625 0.0078125 0.0328125
1 0.49296875 0.3875 0.00625 0.03125
1 0.46953125 0.38359375 0.00625 0.0375
1 0.46328125 0.38359375 0.00625 0.034375
1 0.45703125 0.38515625 0.00625 0.0296875
1 0.3921875 0.371875 0.00625 0.021875
1 0.38203125 0.3734375 0.0078125 0.01875
1 0.37421875 0.37421875 0.00625 0.01875
1 0.34921875 0.384375 0.00625 0.0203125
1 0.33046875 0.38203125 0.0046875 0.0203125
1 0.3234375 0.37890625 0.0046875 0.0140625
1 0.31640625 0.3796875 0.00625 0.0203125
1 0.3 0.37421875 0.0109375 0.0328125
1 0.29140625 0.37421875 0.0078125 0.03125
1 0.2703125 0.37265625 0.00625 0.03125
1 0.27734375 0.37734375 0.00625 0.0328125
1 0.2625 0.3828125 0.0078125 0.0328125
1 0.253125 0.3828125 0.009375 0.034375
1 0.24296875 0.38359375 0.0078125 0.0328125
1 0.23203125 0.38359375 0.0078125 0.0328125
1 0.22109375 0.38203125 0.0078125 0.0328125
1 0.21328125 0.36484375 0.00625 0.034375
1 0.2046875 0.3640625 0.00625 0.034375
1 0.196875 0.36171875 0.009375 0.034375
1 0.0546875 0.24296875 0.0078125 0.0390625
1 0.08828125 0.3453125 0.015625 0.0375
1 0.04921875 0.31640625 0.0109375 0.0359375
1 0.13828125 0.40234375 0.0203125 0.0203125
1 0.21015625 0.44765625 0.0265625 0.0109375
1 0.22578125 0.4953125 0.0203125 0.009375
1 0.3 0.509375 0.0203125 0.0171875
1 0.3859375 0.5609375 0.00625 0.0328125
1 0.39375 0.5578125 0.0078125 0.034375
1 0.40390625 0.56015625 0.0078125 0.03125
1 0.4140625 0.5578125 0.0078125 0.034375
1 0.44375 0.55859375 0.00625 0.0328125
1 0.45 0.56484375 0.00625 0.034375
1 0.45625 0.5625 0.0046875 0.03125
1 0.4625 0.56015625 0.00625 0.03125
1 0.46953125 0.5609375 0.0046875 0.034375
1 0.47734375 0.5609375 0.00625 0.034375
1 0.490625 0.56484375 0.00625 0.0328125
1 0.49609375 0.5640625 0.00625 0.0328125
1 0.50234375 0.56484375 0.0078125 0.0328125
1 0.51015625 0.5640625 0.0078125 0.03125
1 0.53671875 0.5625 0.00625 0.0328125
1 0.54609375 0.56171875 0.0078125 0.0296875
1 0.5546875 0.55859375 0.00625 0.03125
1 0.5859375 0.56328125 0.00625 0.0296875
1 0.60546875 0.5609375 0.00625 0.0359375
1 0.61875 0.55859375 0.0078125 0.034375
1 0.64453125 0.55859375 0.009375 0.034375
1 0.6546875 0.553125 0.00625 0.03125
1 0.6625 0.5546875 0.00625 0.0265625
1 0.68203125 0.553125 0.0078125 0.0265625
1 0.690625 0.5546875 0.00625 0.0234375
1 0.6984375 0.55078125 0.0078125 0.0265625
1 0.70625 0.571875 0.00625 0.028125
1 0.71171875 0.553125 0.0046875 0.0328125
1 0.71875 0.5671875 0.00625 0.034375
1 0.72578125 0.56015625 0.00625 0.034375
1 0.8796875 0.728125 0.0125 0.034375
1 0.878125 0.8375 0.00625 0.034375
1 0.6984375 0.4609375 0.01875 0.0140625
1 0.61015625 0.4546875 0.01875 0.0140625
1 0.6046875 0.38046875 0.0171875 0.0234375
1 0.0703125 0.43046875 0.0296875 0.0125
1 0.05625 0.4609375 0.0203125 0.0203125
2 0.05234375 0.23984375 0.0140625 0.015625
2 0.0875 0.33984375 0.0125 0.0171875
2 0.13046875 0.32109375 0.0125 0.009375
2 0.12578125 0.33203125 0.0125 0.0125
2 0.12578125 0.3671875 0.0140625 0.015625
2 0.134375 0.4 0.009375 0.015625
2 0.0671875 0.42890625 0.0078125 0.0171875
2 0.05234375 0.45859375 0.009375 0.0140625
2 0.04609375 0.30546875 0.0171875 0.009375
2 0.0484375 0.31796875 0.0171875 0.015625
2 0.20078125 0.41015625 0.0140625 0.0125
2 0.215625 0.403125 0.0140625 0.0109375
2 0.2125 0.41328125 0.0109375 0.009375
2 0.22890625 0.403125 0.0125 0.009375
2 0.228125 0.41796875 0.0125 0.0125
2 0.27265625 0.40546875 0.0109375 0.0125
2 0.28828125 0.40234375 0.0109375 0.0125
2 0.2890625 0.41640625 0.0140625 0.0109375
2 0.2953125 0.4328125 0.0140625 0.0109375
2 0.3015625 0.40390625 0.0109375 0.0125
2 0.30078125 0.41640625 0.009375 0.0109375
2 0.9796875 0.4265625 0.015625 0.01875
2 0.9328125 0.38515625 0.015625 0.0125
2 0.93203125 0.39609375 0.015625 0.0125
2 0.934375 0.409375 0.015625 0.0140625
2 0.9125 0.38203125 0.015625 0.0140625
2 0.9171875 0.39296875 0.015625 0.0109375
2 0.91796875 0.40546875 0.0140625 0.0125
2 0.87578125 0.3890625 0.015625 0.0140625
2 0.87109375 0.41953125 0.0125 0.0125
2 0.86953125 0.43046875 0.0140625 0.0140625
2 0.85 0.41640625 0.015625 0.0125
2 0.82890625 0.3953125 0.0125 0.015625
2 0.82421875 0.421875 0.0125 0.009375
2 0.8234375 0.4328125 0.0125 0.0109375
2 0.85390625 0.4640625 0.015625 0.0125
2 0.8453125 0.47421875 0.0125 0.009375
2 0.82109375 0.45 0.0140625 0.0125
2 0.8125 0.409375 0.0125 0.0125
2 0.79375 0.42265625 0.0125 0.0109375
2 0.78828125 0.4359375 0.0109375 0.0109375
2 0.78359375 0.41015625 0.0109375 0.015625
2 0.74921875 0.44375 0.0109375 0.0125
2 0.740625 0.4078125 0.015625 0.0125
2 0.734375 0.38984375 0.009375 0.0140625
2 0.721875 0.38671875 0.0078125 0.0125
2 0.71796875 0.39921875 0.0109375 0.0109375
2 0.715625 0.42265625 0.0109375 0.015625
2 0.68671875 0.43828125 0.009375 0.0125
2 0.678125 0.42578125 0.0109375 0.015625
2 0.7296875 0.4375 0.0125 0.0125
2 0.62734375 0.42890625 0.0078125 0.0125
2 0.5765625 0.55078125 0.0078125 0.0140625
2 0.65 0.53046875 0.0078125 0.0125
2 0.48671875 0.53125 0.009375 0.015625
2 0.5625 0.4390625 0.0109375 0.0125
2 0.56328125 0.42578125 0.009375 0.0109375
2 0.5640625 0.4125 0.0078125 0.0125
2 0.5703125 0.40078125 0.0046875 0.0140625
2 0.57265625 0.41328125 0.009375 0.0125
2 0.59453125 0.41796875 0.0109375 0.0125
2 0.6046875 0.4171875 0.009375 0.0109375
2 0.6140625 0.4234375 0.0078125 0.0140625
2 0.58046875 0.3796875 0.00625 0.0171875
2 0.490625 0.4265625 0.0109375 0.015625
2 0.44921875 0.40390625 0.0046875 0.015625
2 0.44609375 0.4234375 0.009375 0.0125
2 0.434375 0.41328125 0.00625 0.0109375
2 0.428125 0.4078125 0.0078125 0.0125
2 0.36953125 0.39609375 0.0109375 0.0109375
2 0.37578125 0.41015625 0.009375 0.0140625
2 0.3484375 0.421875 0.0078125 0.0140625
2 0.3390625 0.415625 0.0078125 0.0140625
2 0.27421875 0.42109375 0.009375 0.0171875
2 0.3234375 0.4046875 0.0109375 0.0109375
2 0.3265625 0.415625 0.0109375 0.009375
2 0.32109375 0.421875 0.0125 0.0109375
2 0.36328125 0.41796875 0.0125 0.0078125
2 0.359375 0.41171875 0.0109375 0.0078125
2 0.01484375 0.0703125 0.0140625 0.0203125
2 0.23828125 0.559375 0.0109375 0.0140625
2 0.20546875 0.4453125 0.009375 0.015625
2 0.22421875 0.49375 0.0109375 0.0140625
2 0.2984375 0.5078125 0.0078125 0.0171875
2 0.403125 0.58046875 0.0078125 0.009375
2 0.41015625 0.5828125 0.00625 0.0109375
2 0.45234375 0.58515625 0.0078125 0.0109375
2 0.46875 0.584375 0.00625 0.0109375
2 0.48046875 0.58515625 0.00625 0.009375
2 0.61171875 0.4546875 0.0078125 0.0125
2 0.60625 0.37890625 0.0078125 0.0171875
2 0.6984375 0.46015625 0.00625 0.0109375
2 0.7296875 0.53359375 0.0109375 0.009375
2 0.89921875 0.71796875 0.0203125 0.009375
2 0.89296875 0.7296875 0.0140625 0.0109375
2 0.87734375 0.7296875 0.015625 0.009375
2 0.93515625 0.69296875 0.0125 0.0171875
2 0.9234375 0.93125 0.0125 0.021875
2 0.87734375 0.83671875 0.0171875 0.0125
2 0.28125 0.7984375 0.0125 0.0203125
2 0.76328125 0.42421875 0.0109375 0.0078125
2 0.76328125 0.4171875 0.0109375 0.0078125