1 0.0828125 0.33671875 0.009375 0.03203125
1 0.109375 0.3640625 0.01171875 0.03203125
1 0.11953125 0.353125 0.00859375 0.03203125
1 0.12890625 0.36171875 0.0078125 0.0296875
1 0.13828125 0.3625 0.0078125 0.028125
1 0.1453125 0.36328125 0.00546875 0.028125
1 0.16875 0.36171875 0.0078125 0.02734375
1 0.17890625 0.36328125 0.0078125 0.021875
1 0.2 0.37109375 0.00703125 0.02890625
1 0.209375 0.37578125 0.00703125 0.0328125
1 0.2171875 0.3734375 0.00625 0.03125
1 0.22734375 0.37265625 0.00703125 0.03125
1 0.2359375 0.37265625 0.00625 0.0265625
1 0.253125 0.36796875 0.009375 0.03203125
1 0.27890625 0.36640625 0.0078125 0.0265625
1 0.43828125 0.37109375 0.00546875 0.02109375
1 0.44609375 0.37109375 0.0046875 0.0234375
1 0.453125 0.37109375 0.00546875 0.02734375
1 0.5 0.3875 0.00703125 0.03125
1 0.50859375 0.3890625 0.00625 0.028125
1 0.5328125 0.38515625 0.00546875 0.03359375
1 0.5390625 0.38359375 0.00546875 0.03203125
1 0.5453125 0.38671875 0.00625 0.02734375
1 0.61015625 0.3734375 0.00546875 0.0203125
1 0.61953125 0.375 0.0078125 0.01953125
1 0.628125 0.37578125 0.0078125 0.0203125
1 0.65234375 0.39140625 0.0046875 0.02265625
1 0.709375 0.38046875 0.00625 0.0296875
1 0.70234375 0.378125 0.00859375 0.0296875
1 0.67890625 0.38203125 0.0046875 0.01484375
1 0.6859375 0.3828125 0.00546875 0.0125
1 0.725 0.38125 0.00546875 0.03359375
1 0.73125 0.37578125 0.00546875 0.0296875
1 0.7390625 0.38828125 0.00625 0.03125
1 0.7484375 0.3875 0.00859375 0.03359375
1 0.75859375 0.3890625 0.00625 0.03125
1 0.7703125 0.3890625 0.00625 0.03203125
1 0.78046875 0.38671875 0.00703125 0.03046875
1 0.78828125 0.3703125 0.00625 0.03125
1 0.796875 0.36953125 0.00546875 0.034375
1 0.8046875 0.3671875 0.00625 0.0328125
1 0.93984375 0.3234375 0.0234375 0.021875
1 0.8546875 0.4875 0.01796875 0.01953125
1 0.81640625 0.49140625 0.0171875 0.01171875
1 0.6125 0.56328125 0.00546875 0.0296875
1 0.60546875 0.56015625 0.0078125 0.03125
1 0.5953125 0.5640625 0.00859375 0.03359375
1 0.58515625 0.56015625 0.00625 0.03515625
1 0.55546875 0.5609375 0.00625 0.03515625
1 0.54921875 0.5671875 0.00625 0.03359375
1 0.54296875 0.56484375 0.0046875 0.03125
1 0.5359375 0.5625 0.00625 0.03203125
1 0.52890625 0.5625 0.00546875 0.03125
1 0.521875 0.5609375 0.00546875 0.03046875
1 0.50859375 0.56640625 0.00625 0.03046875
1 0.50234375 0.5640625 0.00625 0.0328125
1 0.49609375 0.56484375 0.00625 0.0328125
1 0.4890625 0.5640625 0.0078125 0.03203125
1 0.4625 0.56171875 0.00625 0.03046875
1 0.45234375 0.56015625 0.00625 0.02578125
1 0.44296875 0.55859375 0.00625 0.028125
1 0.41328125 0.5609375 0.00625 0.0296875
1 0.39296875 0.56015625 0.00546875 0.0328125
1 0.38046875 0.5578125 0.00625 0.03203125
1 0.3546875 0.55625 0.00703125 0.03203125
1 0.34296875 0.5515625 0.00703125 0.02734375
1 0.33515625 0.5515625 0.00546875 0.02109375
1 0.31640625 0.55 0.00625 0.0234375
1 0.30859375 0.5515625 0.00546875 0.02109375
1 0.3 0.54921875 0.0078125 0.02734375
1 0.2921875 0.56796875 0.00546875 0.01953125
1 0.28671875 0.55 0.00546875 0.03125
1 0.28046875 0.5625 0.00625 0.0296875
1 0.2734375 0.55546875 0.00546875 0.0296875
1 0.115625 0.8390625 0.00859375 0.0375
0 0.02421875 0.49140625 0.0484375 0.0359375
0 0.35546875 0.39375 0.05546875 0.0359375
2 0.01796875 0.4109375 0.01484375 0.01171875
2 0.03046875 0.384375 0.01484375 0.01171875
2 0.034375 0.37421875 0.01171875 0.009375
2 0.07265625 0.3828125 0.0125 0.01015625
2 0.071875 0.40703125 0.01640625 0.0125
2 0.13359375 0.3953125 0.01328125 0.01015625
2 0.15859375 0.40234375 0.01171875 0.01015625
2 0.1578125 0.41640625 0.01328125 0.0109375
2 0.1640625 0.42578125 0.0140625 0.009375
2 0.16640625 0.440625 0.0125 0.0125
2 0.18125 0.4109375 0.01171875 0.009375
2 0.1828125 0.42109375 0.0125 0.01015625
2 0.18046875 0.43046875 0.01328125 0.00859375
2 0.19765625 0.4296875 0.0125 0.0125
1 0.26796875 0.4015625 0.01796875 0.025
2 0.20234375 0.40390625 0.01015625 0.01015625
2 0.20234375 0.415625 0.01171875 0.01171875
2 0.2125 0.4046875 0.009375 0.0109375
2 0.2140625 0.41484375 0.00859375 0.00859375
2 0.2234375 0.40546875 0.0109375 0.01171875
2 0.2234375 0.41796875 0.009375 0.01015625
2 0.2359375 0.4140625 0.01171875 0.0125
2 0.2359375 0.4265625 0.01171875 0.0109375
2 0.2578125 0.42265625 0.0109375 0.01015625
2 0.25703125 0.4328125 0.0125 0.009375
2 0.290625 0.4265625 0.01015625 0.0125
2 0.290625 0.4390625 0.0109375 0.01015625
2 0.3125 0.38515625 0.0078125 0.0109375
2 0.29921875 0.31484375 0.0078125 0.01171875
2 0.3078125 0.31328125 0.00625 0.0140625
2 0.375 0.43359375 0.00625 0.0125
2 0.3828125 0.41875 0.00546875 0.01015625
2 0.3890625 0.41640625 0.00546875 0.009375
2 0.3984375 0.425 0.00859375 0.01015625
2 0.396875 0.434375 0.00703125 0.00859375
2 0.43203125 0.40703125 0.00625 0.0140625
2 0.434375 0.41953125 0.00625 0.009375
2 0.4671875 0.40546875 0.0046875 0.01328125
2 0.46484375 0.41875 0.0078125 0.01171875
2 0.99296875 0.2640625 0.0140625 0.015625
2 0.97734375 0.2921875 0.015625 0.015625
2 0.97421875 0.26953125 0.01328125 0.0140625
2 0.959375 0.275 0.01484375 0.01015625
2 0.96015625 0.28359375 0.01640625 0.01015625
2 0.94453125 0.32109375 0.0078125 0.01328125
2 0.9421875 0.43203125 0.00703125 0.01796875
2 0.8578125 0.48671875 0.0109375 0.01484375
2 0.82109375 0.49140625 0.00625 0.0109375
2 0.834375 0.36171875 0.0140625 0.0109375
2 0.83984375 0.3703125 0.01328125 0.01171875
2 0.8140625 0.390625 0.01015625 0.01171875
2 0.81796875 0.40390625 0.0109375 0.01484375
2 0.80703125 0.4078125 0.01015625 0.01328125
2 0.78515625 0.4125 0.01171875 0.0125
2 0.74765625 0.42421875 0.009375 0.0109375
2 0.721875 0.4109375 0.01328125 0.009375
2 0.72421875 0.42578125 0.0109375 0.00859375
2 0.66796875 0.4359375 0.01171875 0.0125
2 0.634375 0.40859375 0.00859375 0.01171875
2 0.6078125 0.40078125 0.00703125 0.0125
2 0.609375 0.41484375 0.0078125 0.0140625
2 0.6015625 0.4359375 0.00703125 0.0125
2 0.5984375 0.409375 0.00546875 0.0109375
2 0.58359375 0.40859375 0.0078125 0.01328125
2 0.57421875 0.39921875 0.00703125 0.0125
2 0.565625 0.41484375 0.00625 0.01328125
2 0.56953125 0.4265625 0.0078125 0.01328125
2 0.5546875 0.41953125 0.0078125 0.0140625
2 0.5453125 0.40625 0.00625 0.00859375
2 0.53515625 0.415625 0.00859375 0.009375
2 0.54296875 0.44296875 0.0109375 0.0125
2 0.52265625 0.41875 0.00546875 0.01171875
2 0.52265625 0.434375 0.0078125 0.0140625
2 0.5140625 0.44765625 0.009375 0.01171875
2 0.5 0.41171875 0.00859375 0.01171875
2 0.48984375 0.41015625 0.00625 0.0109375
2 0.48046875 0.40625 0.00625 0.01171875
2 0.4890625 0.42265625 0.00625 0.0109375
2 0.4828125 0.415625 0.00625 0.01171875
2 0.575 0.53515625 0.009375 0.01171875
2 0.603125 0.53359375 0.00859375 0.01328125
2 0.6515625 0.58125 0.00625 0.01171875
1 0.534375 0.46875 0.01640625 0.0140625
1 0.44765625 0.4984375 0.01875 0.0125
2 0.0703125 0.98125 0.01484375 0.0203125
2 0.115625 0.840625 0.01484375 0.00859375
2 0.03203125 0.565625 0.0171875 0.01171875
2 0.13984375 0.590625 0.0125 0.01171875
2 0.1375 0.60234375 0.0109375 0.01015625
2 0.0625 0.63828125 0.01640625 0.0109375
2 0.05 0.63984375 0.009375 0.00859375
2 0.08203125 0.6390625 0.0125 0.01171875
2 0.08359375 0.6515625 0.01171875 0.01015625
2 0.09296875 0.65546875 0.015625 0.009375
2 0.096875 0.671875 0.01484375 0.01171875
2 0.08984375 0.70234375 0.015625 0.01015625
2 0.08671875 0.72265625 0.0140625 0.009375
2 0.08515625 0.7125 0.00625 0.00703125
2 0.0953125 0.7125 0.01328125 0.01171875
2 0.2953125 0.5265625 0.0078125 0.01484375
2 0.31953125 0.52734375 0.0109375 0.0125
2 0.4640625 0.53515625 0.0109375 0.01328125
2 0.4515625 0.49765625 0.0078125 0.01171875
2 0.53984375 0.46875 0.00546875 0.01171875
2 0.7125 0.8015625 0.01328125 0.0234375