0 0.01484375 0.490625 0.0296875 0.0359375
0 0.35546875 0.3953125 0.05703125 0.040625
1 0.08359375 0.33671875 0.00859375 0.03125
1 0.109375 0.3625 0.01015625 0.03671875
1 0.11953125 0.35078125 0.00859375 0.03671875
1 0.12890625 0.359375 0.00703125 0.03515625
1 0.13671875 0.36015625 0.00703125 0.03359375
1 0.14453125 0.36015625 0.0078125 0.03125
1 0.16875 0.36015625 0.009375 0.03125
1 0.17890625 0.36171875 0.0078125 0.0265625
1 0.2015625 0.37265625 0.00703125 0.03125
1 0.209375 0.37421875 0.00703125 0.0296875
1 0.2171875 0.3734375 0.00625 0.03203125
1 0.228125 0.371875 0.00703125 0.034375
1 0.23515625 0.36953125 0.00625 0.02890625
1 0.25234375 0.3671875 0.01015625 0.0328125
1 0.278125 0.36484375 0.00859375 0.0296875
1 0.43828125 0.36953125 0.00625 0.02578125
1 0.44609375 0.36953125 0.00625 0.028125
1 0.453125 0.36953125 0.00703125 0.028125
1 0.5 0.38671875 0.00703125 0.03515625
1 0.5 0.3546875 0.02109375 0.0140625
1 0.50859375 0.3875 0.00703125 0.03125
1 0.5328125 0.384375 0.00546875 0.03515625
1 0.5390625 0.3828125 0.0046875 0.034375
1 0.54453125 0.38359375 0.00546875 0.0328125
1 0.628125 0.37578125 0.00703125 0.01953125
1 0.6203125 0.37578125 0.00625 0.0203125
1 0.61015625 0.37265625 0.00625 0.0203125
1 0.65234375 0.38984375 0.00625 0.02109375
1 0.70234375 0.3765625 0.009375 0.0296875
1 0.71015625 0.3765625 0.0078125 0.0296875
1 0.725 0.3796875 0.00703125 0.0328125
1 0.73125 0.37578125 0.00625 0.03125
1 0.73984375 0.3859375 0.0078125 0.034375
1 0.7484375 0.3859375 0.009375 0.03515625
1 0.75859375 0.38828125 0.0078125 0.03125
1 0.7703125 0.38828125 0.0078125 0.03125
1 0.78046875 0.38515625 0.0078125 0.03125
1 0.7875 0.36875 0.0078125 0.0328125
1 0.796875 0.3671875 0.00859375 0.03359375
1 0.8046875 0.365625 0.0078125 0.0359375
1 0.6859375 0.38203125 0.00546875 0.01796875
1 0.67890625 0.3796875 0.00625 0.01640625
1 0.9359375 0.31640625 0.01875 0.0265625
1 0.83828125 0.48828125 0.0171875 0.015625
1 0.88125 0.4609375 0.01875 0.02734375
1 0.61328125 0.56171875 0.00703125 0.03359375
1 0.6046875 0.559375 0.00859375 0.03515625
1 0.59453125 0.5625 0.00859375 0.034375
1 0.5859375 0.55859375 0.00703125 0.0359375
1 0.55546875 0.559375 0.00703125 0.03359375
1 0.54921875 0.565625 0.00703125 0.03359375
1 0.54296875 0.56328125 0.00625 0.03203125
1 0.5359375 0.5625 0.00625 0.03203125
1 0.5296875 0.56171875 0.00546875 0.03125
1 0.521875 0.56015625 0.00625 0.03125
1 0.553125 0.50078125 0.0203125 0.01484375
1 0.509375 0.565625 0.0078125 0.03203125
1 0.50234375 0.56328125 0.00625 0.03046875
1 0.49609375 0.5640625 0.00625 0.0328125
1 0.4890625 0.56484375 0.00703125 0.03359375
1 0.471875 0.465625 0.01796875 0.015625
1 0.4625 0.559375 0.0078125 0.03203125
1 0.45234375 0.559375 0.0078125 0.0296875
1 0.44453125 0.55703125 0.00703125 0.03125
1 0.41328125 0.56015625 0.00546875 0.03125
1 0.3921875 0.55859375 0.00703125 0.03515625
1 0.38046875 0.55625 0.00703125 0.0359375
1 0.3546875 0.55546875 0.0078125 0.03203125
1 0.34296875 0.553125 0.00703125 0.0328125
1 0.33515625 0.5515625 0.00625 0.02265625
1 0.3171875 0.54921875 0.00703125 0.02265625
1 0.30859375 0.55234375 0.00625 0.021875
1 0.3 0.5484375 0.00703125 0.028125
1 0.28671875 0.54921875 0.00546875 0.03125
1 0.2734375 0.55546875 0.00625 0.02890625
1 0.28046875 0.55859375 0.00625 0.02265625
1 0.115625 0.8375 0.0109375 0.03828125
2 0.096875 0.73046875 0.01328125 0.0125
2 0.08984375 0.70078125 0.01171875 0.01171875
2 0.084375 0.71328125 0.00546875 0.00859375
2 0.0953125 0.71328125 0.0140625 0.01171875
2 0.1546875 0.60546875 0.0140625 0.0109375
2 0.15390625 0.59140625 0.01328125 0.01484375
2 0.08828125 0.6578125 0.0125 0.01328125
2 0.084375 0.64140625 0.01484375 0.0140625
2 0.0703125 0.6296875 0.015625 0.00859375
2 0.06171875 0.646875 0.0125 0.01015625
2 0.03671875 0.58203125 0.01484375 0.01328125
2 0.07109375 0.6515625 0.00859375 0.01015625
2 0.071875 0.63984375 0.00859375 0.00703125
2 0.0359375 0.415625 0.01640625 0.01171875
2 0.0109375 0.44453125 0.01640625 0.0125
2 0.04140625 0.38828125 0.0140625 0.0109375
2 0.04609375 0.378125 0.015625 0.01171875
2 0.0890625 0.38359375 0.0140625 0.01171875
2 0.08828125 0.4078125 0.0171875 0.01484375
2 0.14375 0.39609375 0.015625 0.01171875
2 0.14921875 0.4328125 0.009375 0.01484375
2 0.16953125 0.4015625 0.015625 0.0125
2 0.16953125 0.4140625 0.0140625 0.0078125
2 0.17421875 0.42421875 0.0109375 0.009375
2 0.1890625 0.40546875 0.0109375 0.0125
2 0.18984375 0.4171875 0.01015625 0.0109375
2 0.1921875 0.4296875 0.01328125 0.01015625
2 0.2140625 0.434375 0.01328125 0.0140625
2 0.2109375 0.41484375 0.0109375 0.0140625
2 0.2109375 0.40234375 0.01015625 0.01171875
2 0.221875 0.40390625 0.01171875 0.0109375
2 0.2234375 0.41484375 0.009375 0.0109375
2 0.234375 0.40859375 0.0125 0.0109375
2 0.23359375 0.4203125 0.01015625 0.0109375
2 0.2453125 0.41640625 0.0109375 0.0109375
2 0.24609375 0.43046875 0.0125 0.0109375
2 0.26640625 0.42265625 0.0078125 0.009375
2 0.265625 0.4328125 0.009375 0.00859375
2 0.303125 0.42578125 0.0140625 0.01328125
2 0.30390625 0.43828125 0.01171875 0.01015625
2 0.371875 0.421875 0.00625 0.0109375
2 0.38046875 0.42578125 0.00703125 0.009375
2 0.38828125 0.4328125 0.0078125 0.01328125
2 0.409375 0.41953125 0.0109375 0.01015625
2 0.409375 0.4296875 0.00703125 0.009375
2 0.44453125 0.4 0.00625 0.009375
2 0.4453125 0.4109375 0.00546875 0.00859375
2 0.47578125 0.41875 0.00703125 0.01015625
2 0.47890625 0.4046875 0.00703125 0.01484375
2 0.490625 0.4078125 0.0046875 0.01171875
2 0.49375 0.41875 0.00625 0.009375
2 0.5 0.42421875 0.00625 0.00859375
2 0.5015625 0.409375 0.00703125 0.0109375
2 0.5125 0.41171875 0.01015625 0.01328125
2 0.49609375 0.44140625 0.00703125 0.01640625
2 0.5265625 0.4453125 0.0109375 0.01328125
2 0.5328125 0.4203125 0.00625 0.01171875
2 0.534375 0.4328125 0.00859375 0.009375
2 0.54765625 0.415625 0.00859375 0.01171875
2 0.55625 0.40546875 0.00703125 0.015625
2 0.5640625 0.41953125 0.0125 0.01171875
2 0.5765625 0.41484375 0.00859375 0.0125
2 0.584375 0.4 0.00625 0.0125
2 0.57890625 0.42890625 0.01015625 0.0109375
2 0.59453125 0.4078125 0.009375 0.01328125
2 0.65 0.43984375 0.0140625 0.01484375
2 0.64453125 0.409375 0.009375 0.01328125
2 0.6171875 0.40390625 0.009375 0.0109375
2 0.6078125 0.409375 0.009375 0.0109375
2 0.61953125 0.415625 0.01015625 0.0109375
2 0.61796875 0.43203125 0.01015625 0.0109375
2 0.73515625 0.41015625 0.00625 0.0125
2 0.75078125 0.41796875 0.0125 0.0140625
2 0.7609375 0.409375 0.0109375 0.01015625
2 0.759375 0.42421875 0.01015625 0.01171875
2 0.73515625 0.425 0.00859375 0.0109375
2 0.79765625 0.40234375 0.01484375 0.01171875
2 0.8234375 0.38203125 0.01328125 0.01015625
2 0.82890625 0.39296875 0.0125 0.01015625
2 0.81796875 0.4 0.01015625 0.01484375
2 0.96015625 0.3890625 0.01171875 0.0109375
2 0.9859375 0.2671875 0.01015625 0.01328125
2 0.98046875 0.25390625 0.0171875 0.01328125
2 0.971875 0.2671875 0.0171875 0.01484375
2 0.97421875 0.28359375 0.015625 0.0125
2 0.990625 0.27890625 0.015625 0.01484375
1 0.975 0.06171875 0.00703125 0.03828125
2 0.8828125 0.46484375 0.01015625 0.01171875
2 0.65078125 0.6078125 0.009375 0.0109375
2 0.71328125 0.80078125 0.0125 0.02421875
2 0.58828125 0.5328125 0.00859375 0.01640625
2 0.56171875 0.53359375 0.01015625 0.01484375
2 0.55390625 0.5 0.00859375 0.0140625
2 0.48125 0.53125 0.01171875 0.0171875
2 0.47734375 0.46640625 0.0046875 0.01484375
2 0.4703125 0.465625 0.00703125 0.0140625
2 0.33125 0.528125 0.00625 0.01484375
2 0.30390625 0.3234375 0.00859375 0.0140625
2 0.2953125 0.33203125 0.00859375 0.0109375
2 0.32265625 0.37109375 0.009375 0.01171875
2 0.9390625 0.3171875 0.009375 0.0078125
2 0.99296875 0.07578125 0.0140625 0.0203125