2 0.03125 0.4015625 0.015625 0.01328125
1 0.08359375 0.3359375 0.00859375 0.03203125
1 0.11015625 0.36015625 0.0109375 0.03828125
1 0.12109375 0.35078125 0.01015625 0.040625
1 0.13046875 0.3578125 0.0078125 0.034375
1 0.1390625 0.36015625 0.00703125 0.03125
1 0.14609375 0.36015625 0.0078125 0.03046875
1 0.1703125 0.35859375 0.009375 0.03125
1 0.1609375 0.35390625 0.0078125 0.03125
1 0.18046875 0.36328125 0.00859375 0.0265625
1 0.253125 0.36640625 0.01171875 0.034375
1 0.23671875 0.36640625 0.00703125 0.0359375
1 0.22890625 0.37265625 0.0078125 0.0328125
1 0.21796875 0.3734375 0.0078125 0.03359375
1 0.21015625 0.375 0.00703125 0.03203125
1 0.2015625 0.37109375 0.0078125 0.02890625
1 0.27890625 0.36328125 0.00859375 0.03203125
0 0.35625 0.39375 0.05546875 0.0375
0 0.4546875 0.48671875 0.0515625 0.03671875
1 0.40546875 0.39296875 0.015625 0.0265625
1 0.4390625 0.36796875 0.00546875 0.028125
1 0.446875 0.36953125 0.00546875 0.02734375
1 0.453125 0.3671875 0.00625 0.03125
1 0.50078125 0.3875 0.00703125 0.0296875
1 0.509375 0.38828125 0.00703125 0.028125
1 0.50078125 0.3546875 0.0203125 0.01015625
1 0.53359375 0.384375 0.00546875 0.034375
1 0.5390625 0.38359375 0.0046875 0.034375
1 0.5453125 0.3828125 0.00546875 0.03515625
1 0.61015625 0.37265625 0.00546875 0.02109375
1 0.628125 0.3765625 0.00703125 0.01953125
1 0.61953125 0.3765625 0.00859375 0.01796875
1 0.671875 0.384375 0.00546875 0.02109375
1 0.6859375 0.3828125 0.00625 0.01640625
1 0.70234375 0.37734375 0.009375 0.03046875
1 0.7109375 0.37890625 0.00703125 0.0296875
1 0.72578125 0.37890625 0.00625 0.03515625
1 0.73125 0.3765625 0.0046875 0.02890625
1 0.73984375 0.38671875 0.00546875 0.034375
1 0.74921875 0.38671875 0.00859375 0.03359375
1 0.76015625 0.3890625 0.00703125 0.03125
1 0.7703125 0.3875 0.0078125 0.03515625
1 0.80546875 0.36640625 0.00703125 0.03203125
1 0.79765625 0.36796875 0.00703125 0.0359375
1 0.78828125 0.36875 0.00703125 0.03046875
1 0.78125 0.38828125 0.0078125 0.03046875
1 0.9932291671875 0.2768518515625 0.9963541671874999 0.2703703703125 0.9958333328125001 0.25 0.9921875 0.21944444375 0.9885416671874999 0.21111111093749999 0.9851390625 0.1920074078125 0.9744791671874999 0.1879629625 0.9640625 0.1925925921875 0.9609375 0.1990740734375 0.965625 0.252777778125 0.971875 0.2824074078125 0.978125 0.28611111093749997 0.9932291671875 0.2768518515625
1 0.61484375 0.56328125 0.00703125 0.03203125
1 0.6046875 0.55859375 0.009375 0.0328125
1 0.5953125 0.56171875 0.00703125 0.03125
1 0.58515625 0.55859375 0.0078125 0.034375
1 0.55703125 0.5609375 0.00703125 0.03515625
1 0.55 0.56484375 0.00625 0.03203125
1 0.54375 0.5625 0.00703125 0.028125
1 0.5359375 0.56171875 0.00625 0.0296875
1 0.53046875 0.56171875 0.00546875 0.03125
1 0.521875 0.559375 0.00546875 0.028125
1 0.509375 0.56484375 0.00546875 0.03203125
1 0.503125 0.56171875 0.00703125 0.03046875
1 0.496875 0.5640625 0.00625 0.03359375
1 0.4890625 0.5625 0.0078125 0.0359375
1 0.4625 0.5609375 0.00625 0.03125
1 0.453125 0.559375 0.00625 0.03046875
1 0.44453125 0.5578125 0.00703125 0.0328125
1 0.41328125 0.559375 0.00625 0.03046875
1 0.39375 0.559375 0.00546875 0.034375
1 0.38125 0.55625 0.00625 0.03515625
1 0.35625 0.55546875 0.00703125 0.03203125
1 0.34296875 0.55 0.00625 0.028125
1 0.33515625 0.55078125 0.00625 0.02265625
1 0.3171875 0.54765625 0.00625 0.025
1 0.30859375 0.55 0.00546875 0.02109375
1 0.30078125 0.54765625 0.0078125 0.03046875
1 0.28671875 0.55 0.00546875 0.03125
1 0.27265625 0.5546875 0.0078125 0.03046875
1 0.29296875 0.56640625 0.00546875 0.0359375
1 0.28125 0.56171875 0.0078125 0.03203125
1 0.3765625 0.49140625 0.0203125 0.01328125
1 0.32734375 0.4859375 0.02109375 0.01328125
1 0.22890625 0.48203125 0.0171875 0.021875
1 0.1828125 0.521875 0.01484375 0.02421875
1 0.16953125 0.58046875 0.01171875 0.03046875
1 0.0890625 0.6515625 0.028125 0.0125
2 0.021875 0.60703125 0.01640625 0.0109375
2 0.02578125 0.61875 0.01640625 0.009375
2 0.02734375 0.63203125 0.009375 0.01328125
2 0.0359375 0.38046875 0.0171875 0.0140625
2 0.0671875 0.38671875 0.01640625 0.0125
2 0.05 0.42265625 0.0140625 0.015625
2 0.09375 0.39765625 0.01328125 0.0140625
2 0.09453125 0.43125 0.01484375 0.015625
2 0.15625 0.4015625 0.0109375 0.01171875
2 0.15703125 0.4125 0.0125 0.01015625
2 0.1828125 0.38984375 0.0078125 0.0125
2 0.1859375 0.4078125 0.0109375 0.0109375
2 0.2078125 0.3953125 0.01171875 0.01171875
2 0.20859375 0.409375 0.01328125 0.0125
2 0.21875 0.42421875 0.0125 0.01328125
2 0.20625 0.459375 0.009375 0.015625
2 0.2171875 0.43671875 0.01328125 0.0109375
2 0.240625 0.40625 0.009375 0.01171875
2 0.24453125 0.3890625 0.009375 0.01015625
2 0.2671875 0.39140625 0.01328125 0.01171875
2 0.2703125 0.41015625 0.01796875 0.01484375
2 0.3015625 0.3625 0.0109375 0.0140625
2 0.30625 0.37265625 0.0109375 0.009375
0 0.82265625 0.4421875 0.05390625 0.05390625
1 0.88515625 0.37734375 0.015625 0.0265625
2 0.0859375 0.65390625 0.00859375 0.01484375
2 0.16953125 0.5828125 0.00859375 0.01484375
2 0.22578125 0.48515625 0.009375 0.01328125
2 0.18203125 0.5234375 0.0109375 0.01875
2 0.3171875 0.37734375 0.00625 0.0109375
2 0.31796875 0.365625 0.00859375 0.01171875
2 0.40546875 0.39296875 0.00859375 0.01328125
2 0.44296875 0.3890625 0.0046875 0.0140625
2 0.44453125 0.409375 0.00546875 0.01171875
2 0.43515625 0.4109375 0.0078125 0.0125
2 0.4296875 0.4234375 0.00625 0.009375
2 0.43125 0.43203125 0.00546875 0.009375
2 0.43515625 0.44296875 0.0109375 0.0125
2 0.44765625 0.42265625 0.00625 0.0109375
2 0.453125 0.4125 0.00546875 0.01171875
2 0.4578125 0.4 0.00546875 0.01171875
2 0.46015625 0.4078125 0.0046875 0.009375
2 0.465625 0.3984375 0.00625 0.009375
2 0.471875 0.3921875 0.00625 0.0125
2 0.48359375 0.39453125 0.00546875 0.01015625
2 0.496875 0.4078125 0.00703125 0.0109375
2 0.49453125 0.41875 0.00625 0.0140625
2 0.50390625 0.42421875 0.009375 0.0140625
2 0.5140625 0.4171875 0.00859375 0.01171875
2 0.5203125 0.43515625 0.00546875 0.01484375
2 0.5484375 0.415625 0.009375 0.0125
2 0.56171875 0.40625 0.00625 0.0125
2 0.59140625 0.41328125 0.00703125 0.0125
2 0.62421875 0.41875 0.00703125 0.01328125
2 0.63515625 0.40859375 0.00703125 0.01328125
2 0.6390625 0.43125 0.01171875 0.0140625
2 0.64609375 0.4140625 0.00859375 0.01015625
2 0.65234375 0.40703125 0.0078125 0.00859375
2 0.671875 0.40703125 0.0078125 0.01171875
2 0.6671875 0.421875 0.0109375 0.01328125
2 0.67734375 0.4234375 0.0078125 0.01171875
2 0.6796875 0.434375 0.009375 0.0140625
2 0.6953125 0.45625 0.00859375 0.0125
2 0.71171875 0.40234375 0.01015625 0.0109375
2 0.7125 0.4140625 0.00859375 0.009375
2 0.76328125 0.415625 0.0125 0.01171875
2 0.796875 0.396875 0.01328125 0.01328125
2 0.88828125 0.3765625 0.00859375 0.01640625
2 0.90546875 0.32109375 0.0140625 0.01171875
2 0.903125 0.3125 0.01328125 0.01171875
2 0.91328125 0.29921875 0.0140625 0.01015625
2 0.87890625 0.53125 0.01484375 0.01640625
2 0.71328125 0.8015625 0.0125 0.021875
2 0.64765625 0.6421875 0.00546875 0.01484375
2 0.65234375 0.6359375 0.0046875 0.01015625
2 0.5875 0.53359375 0.00703125 0.01328125
2 0.371875 0.553125 0.0109375 0.0140625
2 0.371875 0.53203125 0.009375 0.015625
2 0.36171875 0.52734375 0.009375 0.01640625
2 0.359375 0.53828125 0.00625 0.009375
1 0.20546875 0.5953125 0.0203125 0.0109375
2 0.20546875 0.59453125 0.00703125 0.0171875