0 0.35546875 0.390625 0.05703125 0.0390625
1 0.08359375 0.33359375 0.00859375 0.03203125
1 0.11015625 0.359375 0.01171875 0.0375
1 0.11953125 0.3515625 0.00859375 0.034375
1 0.12890625 0.35859375 0.00703125 0.03125
1 0.1375 0.3609375 0.00625 0.0296875
1 0.1453125 0.36171875 0.00625 0.02734375
1 0.16953125 0.3578125 0.009375 0.03515625
1 0.1796875 0.36171875 0.0078125 0.02734375
1 0.20078125 0.36953125 0.00859375 0.0296875
1 0.21015625 0.3734375 0.00625 0.02890625
1 0.2171875 0.371875 0.00703125 0.03203125
1 0.22890625 0.37109375 0.00625 0.03203125
1 0.23671875 0.3671875 0.00703125 0.0296875
1 0.253125 0.36484375 0.009375 0.0328125
1 0.278125 0.3640625 0.00625 0.0296875
1 0.2921875 0.221875 0.0078125 0.03203125
1 0.43828125 0.3671875 0.00546875 0.021875
1 0.446875 0.36875 0.0046875 0.02421875
1 0.45390625 0.36796875 0.00625 0.03203125
1 0.50078125 0.353125 0.01875 0.01171875
1 0.5 0.38515625 0.00703125 0.03203125
1 0.50859375 0.38515625 0.00703125 0.03046875
1 0.5328125 0.38203125 0.00546875 0.03359375
1 0.5390625 0.38203125 0.0046875 0.03125
1 0.5453125 0.38359375 0.00625 0.03046875
1 0.61015625 0.371875 0.00546875 0.01875
1 0.61875 0.37265625 0.00625 0.01640625
1 0.628125 0.375 0.00625 0.01796875
1 0.65234375 0.38984375 0.0046875 0.02109375
1 0.8046875 0.3640625 0.00703125 0.0328125
1 0.79765625 0.3671875 0.00703125 0.03359375
1 0.78828125 0.36640625 0.00625 0.0328125
1 0.78046875 0.38515625 0.00859375 0.02890625
1 0.77109375 0.38671875 0.0078125 0.03125
1 0.75859375 0.38671875 0.00625 0.0328125
1 0.74921875 0.38515625 0.00859375 0.034375
1 0.73984375 0.38515625 0.00625 0.0328125
1 0.73125 0.3734375 0.00625 0.03125
1 0.725 0.378125 0.00625 0.03203125
1 0.71015625 0.3765625 0.00859375 0.0296875
1 0.70234375 0.37578125 0.01015625 0.0296875
2 0.76875 0.40859375 0.01328125 0.0109375
2 0.771875 0.42421875 0.01171875 0.0125
2 0.784375 0.4125 0.01328125 0.0125
2 0.79453125 0.40234375 0.00859375 0.01171875
2 0.79453125 0.41796875 0.0109375 0.01015625
1 0.6859375 0.38125 0.00546875 0.015625
1 0.67890625 0.37890625 0.00546875 0.0140625
1 0.95703125 0.353125 0.0140625 0.03203125
1 0.84140625 0.4828125 0.02109375 0.0109375
1 0.6125 0.56015625 0.00546875 0.0328125
1 0.60546875 0.55859375 0.00703125 0.03203125
1 0.5953125 0.5609375 0.00703125 0.03359375
1 0.58515625 0.5578125 0.00625 0.03515625
1 0.55546875 0.5578125 0.00703125 0.03125
1 0.54921875 0.5640625 0.00625 0.0328125
1 0.54296875 0.56328125 0.00546875 0.03203125
1 0.5359375 0.5609375 0.00625 0.034375
1 0.5296875 0.5609375 0.00546875 0.0328125
1 0.521875 0.55859375 0.00625 0.03125
1 0.509375 0.5640625 0.00703125 0.03203125
1 0.50234375 0.5609375 0.00625 0.03125
1 0.49609375 0.5625 0.00625 0.0328125
1 0.4890625 0.56171875 0.00625 0.03125
1 0.4625 0.55859375 0.00546875 0.028125
1 0.453125 0.55859375 0.00625 0.028125
1 0.44375 0.55625 0.00703125 0.0296875
1 0.41328125 0.5578125 0.00546875 0.028125
1 0.39296875 0.5578125 0.00625 0.03203125
1 0.38046875 0.55546875 0.00625 0.0328125
1 0.3546875 0.55625 0.00703125 0.0296875
1 0.34375 0.55078125 0.00625 0.02890625
1 0.3359375 0.55 0.00546875 0.02265625
1 0.3171875 0.54765625 0.00703125 0.0234375
1 0.309375 0.54921875 0.00546875 0.0203125
1 0.30078125 0.546875 0.0078125 0.02890625
1 0.2921875 0.56796875 0.00546875 0.02890625
1 0.28671875 0.54765625 0.00625 0.03125
1 0.28046875 0.56015625 0.00703125 0.03046875
1 0.2734375 0.55390625 0.00546875 0.03125
1 0.17578125 0.6265625 0.0078125 0.0359375
1 0.1171875 0.8359375 0.00703125 0.03828125
1 0.328125 0.46328125 0.0203125 0.01328125
2 0.93671875 0.296875 0.01328125 0.015625
2 0.959375 0.35234375 0.009375 0.01640625
1 0.93515625 0.4796875 0.01640625 0.01171875
2 0.93984375 0.48046875 0.00625 0.0125
2 0.84609375 0.48203125 0.00703125 0.0140625
2 0.86796875 0.31875 0.0140625 0.00859375
2 0.8765625 0.3265625 0.01171875 0.01328125
2 0.83046875 0.3546875 0.0125 0.01328125
2 0.84453125 0.36328125 0.01015625 0.01328125
2 0.68125 0.409375 0.009375 0.01171875
2 0.67109375 0.428125 0.009375 0.01015625
2 0.64921875 0.4109375 0.009375 0.009375
2 0.64921875 0.421875 0.01015625 0.01171875
2 0.6390625 0.41328125 0.00859375 0.01015625
2 0.62734375 0.403125 0.009375 0.01171875
2 0.615625 0.4 0.0078125 0.009375
2 0.6109375 0.4171875 0.00859375 0.0109375
2 0.61328125 0.43046875 0.01171875 0.0109375
2 0.59765625 0.4171875 0.009375 0.01328125
2 0.58984375 0.4015625 0.00703125 0.0140625
2 0.58203125 0.4078125 0.00625 0.01015625
2 0.58984375 0.4484375 0.009375 0.0125
2 0.5640625 0.4234375 0.00859375 0.0125
2 0.56328125 0.4375 0.0078125 0.0140625
2 0.54765625 0.409375 0.0078125 0.01171875
2 0.5359375 0.40546875 0.00546875 0.01015625
2 0.5375 0.41875 0.00703125 0.01171875
2 0.5234375 0.40703125 0.00546875 0.0140625
2 0.5125 0.40625 0.01015625 0.0125
2 0.51171875 0.42265625 0.009375 0.01328125
2 0.528125 0.4171875 0.00859375 0.01171875
2 0.4828125 0.39921875 0.0078125 0.01171875
2 0.48046875 0.4109375 0.00859375 0.01171875
2 0.48046875 0.4328125 0.00625 0.0109375
2 0.44296875 0.40234375 0.00625 0.00859375
2 0.44453125 0.41171875 0.0078125 0.009375
2 0.4484375 0.4375 0.009375 0.01171875
2 0.42578125 0.41953125 0.00625 0.0125
2 0.42421875 0.396875 0.00625 0.0125
2 0.425 0.384375 0.0109375 0.0125
2 0.3765625 0.45625 0.00859375 0.01484375
2 0.3703125 0.45625 0.00625 0.01015625
2 0.37109375 0.52578125 0.0078125 0.01171875
2 0.46484375 0.5328125 0.00625 0.0109375
2 0.52109375 0.5359375 0.01015625 0.0125
2 0.5296875 0.5234375 0.0109375 0.0125
2 0.54609375 0.534375 0.01015625 0.01328125
2 0.9796875 0.2171875 0.0125 0.0109375
2 0.3390625 0.42421875 0.01171875 0.0109375
2 0.3390625 0.4359375 0.00859375 0.0109375
2 0.29609375 0.4203125 0.0078125 0.009375
2 0.296875 0.43046875 0.01015625 0.01015625
2 0.01953125 0.35546875 0.015625 0.0125
2 0.08125 0.38203125 0.0125 0.009375
2 0.0765625 0.39140625 0.01328125 0.01171875
2 0.08984375 0.4234375 0.01171875 0.0109375
2 0.0359375 0.50703125 0.015625 0.01171875
2 0.10234375 0.4125 0.01328125 0.01328125
2 0.13125 0.4046875 0.0125 0.01328125
2 0.1359375 0.38515625 0.01484375 0.01328125
2 0.17265625 0.4 0.01171875 0.01015625
2 0.1984375 0.40390625 0.0125 0.01015625
2 0.196875 0.41640625 0.01328125 0.0109375
2 0.209375 0.42578125 0.01328125 0.01171875
2 0.2203125 0.41796875 0.01015625 0.009375
2 0.221875 0.40625 0.01015625 0.0109375
2 0.22109375 0.42890625 0.01015625 0.01015625
1 0.2625 0.39765625 0.0203125 0.01796875
2 0.26015625 0.3984375 0.00703125 0.0171875
2 0.2421875 0.40625 0.01171875 0.01015625
2 0.23828125 0.41640625 0.009375 0.0109375
2 0.2515625 0.41328125 0.009375 0.00859375
2 0.25234375 0.4234375 0.00859375 0.01015625
2 0.26328125 0.415625 0.0078125 0.01015625
2 0.27734375 0.415625 0.01171875 0.01015625
2 0.2640625 0.428125 0.0109375 0.009375
2 0.278125 0.428125 0.00859375 0.0109375
2 0.2625 0.4453125 0.01015625 0.0125
2 0.33125 0.4640625 0.00703125 0.0109375
2 0.71328125 0.79921875 0.01328125 0.01953125
2 0.06484375 0.9078125 0.0125 0.0203125
2 0.0578125 0.9015625 0.0140625 0.01953125
2 0.12734375 0.73203125 0.01328125 0.015625
2 0.06484375 0.6171875 0.01328125 0.01171875
2 0.0984375 0.675 0.0109375 0.01171875
2 0.0890625 0.69921875 0.01328125 0.01640625
2 0.096875 0.71328125 0.0125 0.01484375
2 0.11015625 0.67578125 0.015625 0.01328125
2 0.05625 0.634375 0.0140625 0.0109375
2 0.04296875 0.63515625 0.01015625 0.00703125
2 0.0484375 0.62578125 0.02265625 0.01015625
2 0.19609375 0.57578125 0.0140625 0.0171875
2 0.2015625 0.5890625 0.01328125 0.01015625