0 0.6515625 0.4046875 0.0609375 0.04375
2 0.98125 0.47109375 0.021875 0.015625
2 0.97421875 0.4046875 0.0171875 0.0140625
2 0.97421875 0.4171875 0.0140625 0.0109375
2 0.97265625 0.42890625 0.01875 0.015625
2 0.95703125 0.3953125 0.015625 0.0125
2 0.9578125 0.4078125 0.015625 0.0140625
2 0.959375 0.41953125 0.015625 0.0125
2 0.92109375 0.43671875 0.0140625 0.0140625
2 0.9171875 0.44921875 0.0171875 0.0140625
2 0.89921875 0.43828125 0.0140625 0.0109375
2 0.875 0.409375 0.0125 0.0125
1 0.92734375 0.36640625 0.0109375 0.0328125
1 0.8984375 0.390625 0.0109375 0.034375
1 0.890625 0.38203125 0.009375 0.0296875
1 0.88046875 0.38828125 0.009375 0.0296875
1 0.871875 0.38828125 0.0078125 0.028125
1 0.86328125 0.38828125 0.0078125 0.0265625
1 0.83984375 0.38203125 0.0109375 0.03125
1 0.8296875 0.3859375 0.009375 0.0265625
1 0.80546875 0.39375 0.0078125 0.0296875
1 0.7984375 0.39453125 0.0078125 0.0296875
1 0.79140625 0.39453125 0.0078125 0.0296875
1 0.7796875 0.39296875 0.009375 0.0328125
1 0.77265625 0.38984375 0.009375 0.0296875
1 0.75625 0.38359375 0.0125 0.034375
1 0.73125 0.38125 0.009375 0.0296875
1 0.5703125 0.375 0.0078125 0.0203125
1 0.56328125 0.375 0.0078125 0.025
1 0.55546875 0.37421875 0.0078125 0.028125
1 0.5078125 0.38828125 0.009375 0.0328125
1 0.49921875 0.3890625 0.0078125 0.03125
1 0.475 0.3828125 0.0078125 0.034375
1 0.4703125 0.38125 0.00625 0.0328125
1 0.46328125 0.38046875 0.0078125 0.034375
1 0.4 0.36640625 0.00625 0.021875
1 0.3890625 0.36953125 0.0078125 0.01875
1 0.38046875 0.36796875 0.009375 0.01875
1 0.20546875 0.346875 0.0078125 0.034375
1 0.21328125 0.34765625 0.0109375 0.0375
1 0.22265625 0.35 0.009375 0.03125
1 0.228125 0.3671875 0.009375 0.0328125
1 0.2375 0.3703125 0.009375 0.0328125
1 0.24921875 0.371875 0.0109375 0.0328125
1 0.26015625 0.3703125 0.0109375 0.034375
1 0.26953125 0.37109375 0.009375 0.03125
1 0.278125 0.36015625 0.0078125 0.0328125
1 0.28359375 0.3640625 0.0078125 0.0359375
1 0.29921875 0.36640625 0.0109375 0.03125
1 0.30703125 0.36328125 0.0109375 0.03125
1 0.3234375 0.3703125 0.00625 0.0171875
1 0.3296875 0.36875 0.0078125 0.0140625
1 0.33671875 0.37265625 0.0078125 0.0203125
1 0.06875 0.2796875 0.0125 0.0375
1 0.03046875 0.30234375 0.0171875 0.0375
1 0.16875 0.4703125 0.021875 0.0171875
1 0.3828125 0.5546875 0.009375 0.034375
1 0.39140625 0.553125 0.0109375 0.0359375
1 0.40078125 0.55390625 0.0078125 0.0328125
1 0.4109375 0.55234375 0.009375 0.0359375
1 0.44140625 0.55625 0.0078125 0.0359375
1 0.44609375 0.56171875 0.0078125 0.0359375
1 0.459375 0.56171875 0.0078125 0.0359375
1 0.453125 0.5625 0.0078125 0.0328125
1 0.4671875 0.56015625 0.0078125 0.0328125
1 0.475 0.5578125 0.0078125 0.0265625
1 0.48671875 0.5640625 0.009375 0.034375
1 0.49296875 0.5625 0.0078125 0.0328125
1 0.4984375 0.5640625 0.0078125 0.034375
1 0.50625 0.56484375 0.009375 0.0359375
1 0.53359375 0.56171875 0.0078125 0.0296875
1 0.54375 0.56328125 0.0078125 0.0265625
1 0.553125 0.5609375 0.009375 0.0328125
1 0.58203125 0.565625 0.0078125 0.0296875
1 0.60234375 0.56640625 0.009375 0.034375
1 0.615625 0.56484375 0.0078125 0.0328125
1 0.63984375 0.5671875 0.009375 0.034375
1 0.65234375 0.56328125 0.009375 0.0328125
1 0.66171875 0.56484375 0.0078125 0.025
1 0.68046875 0.56171875 0.009375 0.0265625
1 0.68828125 0.565625 0.0078125 0.0234375
1 0.69609375 0.56171875 0.009375 0.0265625
1 0.709375 0.5640625 0.0078125 0.0296875
1 0.71484375 0.575 0.009375 0.028125
1 0.72265625 0.57265625 0.009375 0.03125
1 0.859375 0.85625 0.0125 0.0359375
1 0.86875 0.7484375 0.0125 0.0359375
2 0.859375 0.42109375 0.015625 0.0125
2 0.85859375 0.43984375 0.0109375 0.0109375
2 0.85859375 0.45234375 0.0140625 0.0125
2 0.87265625 0.471875 0.0140625 0.0125
2 0.83359375 0.43203125 0.0125 0.0125
2 0.8171875 0.42421875 0.0125 0.015625
2 0.809375 0.44296875 0.009375 0.0109375
2 0.8234375 0.45546875 0.00625 0.0109375
2 0.8125 0.4796875 0.0140625 0.0140625
2 0.8171875 0.490625 0.0140625 0.0125
2 0.796875 0.46484375 0.0109375 0.0109375
2 0.78359375 0.4546875 0.0125 0.0125
2 0.796875 0.43125 0.0125 0.009375
2 0.753125 0.40859375 0.009375 0.0125
2 0.7640625 0.40234375 0.0078125 0.0109375
2 0.778125 0.4234375 0.0078125 0.0109375
2 0.753125 0.421875 0.00625 0.0125
2 0.759375 0.43125 0.009375 0.0125
2 0.75625 0.44375 0.00625 0.0109375
2 0.71875 0.440625 0.009375 0.015625
2 0.66640625 0.44765625 0.009375 0.0125
2 0.653125 0.440625 0.0109375 0.0109375
2 0.64765625 0.42734375 0.009375 0.009375
2 0.64140625 0.43984375 0.0078125 0.0109375
2 0.63046875 0.4390625 0.0125 0.0140625
2 0.61328125 0.43671875 0.009375 0.0125
2 0.60078125 0.41484375 0.0109375 0.0140625
2 0.603125 0.4296875 0.009375 0.0125
2 0.59375 0.42890625 0.009375 0.0109375
2 0.69375 0.540625 0.0109375 0.0140625
2 0.60546875 0.5390625 0.0078125 0.0140625
2 0.5234375 0.534375 0.0125 0.015625
2 0.52421875 0.42890625 0.0109375 0.0171875
2 0.44375 0.428125 0.009375 0.015625
2 0.4140625 0.4265625 0.009375 0.0140625
2 0.465625 0.40390625 0.009375 0.0109375
2 0.46640625 0.415625 0.009375 0.0109375
2 0.41015625 0.40546875 0.0109375 0.0109375
1 0.3421875 0.571875 0.009375 0.0328125
1 0.33671875 0.678125 0.009375 0.034375
1 0.590625 0.46328125 0.021875 0.0140625
1 0.50078125 0.45859375 0.0203125 0.0140625
2 0.5828125 0.3828125 0.00625 0.0109375
2 0.5875 0.3875 0.0078125 0.0140625
2 0.38203125 0.4015625 0.009375 0.0140625
2 0.37421875 0.4109375 0.0078125 0.0109375
2 0.3953125 0.40078125 0.0078125 0.0078125
2 0.39375 0.41171875 0.009375 0.0109375
2 0.359375 0.396875 0.0078125 0.0125
2 0.36328125 0.40703125 0.009375 0.0109375
2 0.35546875 0.4140625 0.0109375 0.009375
2 0.35 0.4296875 0.0125 0.0140625
2 0.334375 0.39296875 0.0078125 0.009375
2 0.3390625 0.40234375 0.009375 0.009375
2 0.33828125 0.4140625 0.009375 0.0109375
2 0.3234375 0.40078125 0.009375 0.0125
2 0.3265625 0.4125 0.0109375 0.0109375
2 0.31171875 0.4 0.0109375 0.0109375
2 0.31171875 0.41484375 0.0109375 0.0125
2 0.25859375 0.41953125 0.0125 0.0140625
2 0.25625 0.3953125 0.0078125 0.009375
2 0.2546875 0.4078125 0.015625 0.0109375
2 0.27265625 0.3921875 0.0125 0.0109375
2 0.1828125 0.35390625 0.0140625 0.015625
2 0.1671875 0.34296875 0.0125 0.015625
2 0.1625 0.35703125 0.0140625 0.0125
2 0.16640625 0.47109375 0.009375 0.0125
2 0.20078125 0.5453125 0.0109375 0.015625
2 0.0671875 0.27578125 0.0125 0.015625
2 0.03203125 0.178125 0.0171875 0.01875
2 0.028125 0.29609375 0.009375 0.0109375
2 0.765625 0.55546875 0.0109375 0.0109375
2 0.95 0.64609375 0.01875 0.015625
2 0.93515625 0.66953125 0.015625 0.015625
2 0.8859375 0.7515625 0.009375 0.0109375
2 0.88046875 0.76328125 0.00625 0.0109375
2 0.878125 0.75078125 0.009375 0.0125
2 0.86953125 0.74765625 0.0078125 0.0109375
2 0.86015625 0.85703125 0.01875 0.015625
2 0.7203125 0.38828125 0.00625 0.0109375
2 0.70859375 0.44453125 0.0109375 0.0140625
2 0.590625 0.46328125 0.00625 0.0109375
2 0.33515625 0.6796875 0.00625 0.0109375
2 0.2671875 0.7859375 0.015625 0.025